Filename Black_Hair Eyeglasses Heavy_Makeup Male Mustache Pale_Skin Smiling Wavy_Hair Wearing_Hat Young
000001.jpg 0 0 1 0 0 0 1 0 0 1
000002.jpg 0 0 0 0 0 0 1 0 0 1
000003.jpg 0 0 0 1 0 0 0 1 0 1
000004.jpg 0 0 0 0 0 0 0 0 0 1
000005.jpg 0 0 1 0 0 0 0 0 0 1
000006.jpg 0 0 1 0 0 0 0 1 0 1
000007.jpg 1 0 0 1 0 0 0 0 0 1
000008.jpg 1 0 0 1 0 0 0 0 0 1
000009.jpg 0 0 1 0 0 0 1 0 0 1
000010.jpg 0 0 1 0 0 0 0 1 0 1
000011.jpg 1 0 0 0 0 0 1 0 0 1
000012.jpg 1 0 0 1 0 0 1 0 0 1
000013.jpg 0 0 0 1 0 0 1 0 0 1
000014.jpg 1 0 1 0 0 0 1 0 0 1
000015.jpg 0 0 0 1 0 0 0 0 0 0
000016.jpg 0 0 0 1 0 0 1 0 0 1
000017.jpg 1 0 0 0 0 0 1 0 0 1
000018.jpg 0 0 1 0 0 0 1 1 0 0
000019.jpg 0 0 1 0 0 1 0 1 0 1
000020.jpg 1 0 0 1 0 0 0 0 0 1
000021.jpg 0 0 0 1 0 0 1 0 0 0
000022.jpg 0 0 1 0 0 0 0 1 0 1
000023.jpg 0 0 0 1 0 0 1 0 0 1
000024.jpg 0 0 1 0 0 0 0 0 0 1
000025.jpg 0 0 0 1 0 0 0 0 0 1
000026.jpg 0 0 0 0 0 0 0 0 0 1
000027.jpg 1 0 1 0 0 0 1 1 0 1
000028.jpg 0 0 1 0 0 0 1 1 0 1
000029.jpg 0 0 1 0 0 0 1 1 0 1
000030.jpg 0 0 0 1 0 0 0 1 0 0
000031.jpg 0 0 0 0 0 0 1 0 0 1
000032.jpg 0 0 0 1 0 0 0 0 0 0
000033.jpg 1 0 0 1 0 0 1 0 0 1
000034.jpg 0 0 1 0 0 0 0 1 0 1
000035.jpg 1 0 1 0 0 0 0 1 0 1
000036.jpg 1 0 0 1 0 0 0 0 0 1
000037.jpg 0 0 0 1 0 0 0 0 1 1
000038.jpg 0 0 0 1 0 0 1 0 0 1
000039.jpg 0 0 1 0 0 0 1 1 0 1
000040.jpg 1 0 1 0 0 0 0 0 0 1
000041.jpg 1 0 0 1 0 0 1 0 0 1
000042.jpg 0 0 1 0 0 0 1 0 0 1
000043.jpg 0 0 1 0 0 0 1 1 0 1
000044.jpg 1 0 0 0 0 0 0 0 0 1
000045.jpg 0 0 1 0 0 0 1 1 0 1
000046.jpg 1 0 1 0 0 0 1 1 0 1
000047.jpg 1 0 1 0 0 0 1 0 0 1
000048.jpg 0 0 0 1 0 1 0 0 0 1
000049.jpg 1 0 0 1 0 0 0 0 0 0
000050.jpg 1 0 0 1 0 0 1 0 0 1
000051.jpg 0 0 0 1 0 0 0 0 0 0
000052.jpg 0 0 0 1 0 0 0 0 0 0
000053.jpg 0 1 0 1 0 0 0 0 0 0
000054.jpg 0 0 1 0 0 0 1 1 0 1
000055.jpg 1 0 0 1 0 0 0 1 0 0
000056.jpg 1 0 0 1 0 0 0 0 0 1
000057.jpg 1 0 1 0 0 0 0 0 0 1
000058.jpg 0 0 1 0 0 0 0 1 0 1
000059.jpg 1 0 0 0 0 0 0 0 0 1
000060.jpg 0 0 0 1 0 0 0 0 0 1
000061.jpg 0 0 0 1 0 0 0 0 0 1
000062.jpg 0 0 1 0 0 0 1 0 0 1
000063.jpg 0 0 1 0 0 0 1 1 0 1
000064.jpg 0 0 0 1 0 0 1 0 0 1
000065.jpg 1 0 0 1 0 0 1 0 0 1
000066.jpg 0 0 0 0 0 0 1 0 0 0
000067.jpg 0 0 0 1 0 0 0 0 0 0
000068.jpg 0 0 0 1 0 0 1 0 1 0
000069.jpg 0 0 0 1 0 0 0 0 0 0
000070.jpg 1 0 0 1 0 0 1 0 0 1
000071.jpg 0 0 1 0 0 0 1 0 0 1
000072.jpg 1 0 0 1 0 0 1 0 0 0
000073.jpg 1 0 1 0 0 0 0 1 0 1
000074.jpg 0 0 1 0 0 0 0 0 1 1
000075.jpg 0 0 1 0 0 0 0 0 0 1
000076.jpg 1 0 0 1 0 0 1 0 0 1
000077.jpg 0 0 1 0 0 0 1 1 0 1
000078.jpg 1 0 1 0 0 0 0 0 0 1
000079.jpg 0 0 0 1 0 0 1 0 0 0
000080.jpg 1 0 0 1 0 0 0 0 0 1
000081.jpg 1 0 0 1 0 0 1 0 0 1
000082.jpg 0 0 0 1 0 0 1 0 0 1
000083.jpg 0 0 1 0 0 0 1 1 0 1
000084.jpg 0 0 0 0 0 0 0 1 0 0
000085.jpg 0 0 1 0 0 0 0 1 0 1
000086.jpg 0 0 0 0 0 0 0 0 0 1
000087.jpg 0 0 0 0 0 0 1 0 0 1
000088.jpg 0 0 1 0 0 0 0 1 0 1
000089.jpg 0 0 0 0 0 1 0 1 0 1
000090.jpg 0 0 0 1 0 0 0 0 0 1
000091.jpg 1 0 0 1 0 0 0 0 0 1
000092.jpg 0 0 1 0 0 0 1 0 0 1
000093.jpg 0 1 0 0 0 0 0 0 0 1
000094.jpg 0 0 0 0 0 0 1 0 0 0
000095.jpg 0 0 0 0 0 0 0 0 1 1
000096.jpg 0 0 0 0 0 0 0 1 0 1
000097.jpg 0 0 1 0 0 0 0 1 0 1
000098.jpg 1 0 1 0 0 0 0 1 0 1
000099.jpg 0 0 1 0 0 0 1 1 0 1
000100.jpg 0 0 1 0 0 0 0 0 0 1
000101.jpg 1 0 0 0 0 0 0 0 0 1
000102.jpg 1 0 0 1 0 0 0 0 0 1
000103.jpg 0 0 1 0 0 0 0 0 0 1
000104.jpg 0 0 0 1 0 1 1 0 0 1
000105.jpg 0 0 0 1 0 0 0 0 0 1
000106.jpg 0 0 1 0 0 0 1 0 0 1
000107.jpg 0 0 1 0 0 0 1 1 0 1
000108.jpg 0 0 1 0 0 0 1 1 0 1
000109.jpg 0 0 0 1 1 0 0 0 0 0
000110.jpg 0 0 0 0 0 0 1 0 0 1
000111.jpg 0 0 0 0 0 0 1 1 0 1
000112.jpg 0 0 1 0 0 0 1 1 0 1
000113.jpg 0 0 0 1 0 0 1 0 0 1
000114.jpg 1 0 0 1 0 0 1 0 0 1
000115.jpg 0 0 0 1 0 0 0 0 0 0
000116.jpg 0 0 0 1 0 0 1 0 0 1
000117.jpg 1 0 1 0 0 0 0 1 0 1
000118.jpg 1 0 1 0 0 0 1 0 0 1
000119.jpg 0 1 0 1 0 0 0 1 0 0
000120.jpg 0 0 0 1 0 0 1 0 0 0
000121.jpg 0 0 1 0 0 0 1 0 0 1
000122.jpg 0 0 1 0 0 1 1 0 0 0
000123.jpg 1 0 0 1 0 0 0 0 0 1
000124.jpg 1 0 0 0 0 0 0 1 0 1
000125.jpg 0 0 0 1 0 0 1 0 0 0
000126.jpg 0 0 1 0 0 0 1 0 0 1
000127.jpg 0 0 0 1 0 0 1 0 0 0
000128.jpg 0 0 0 0 0 0 0 0 0 0
000129.jpg 1 0 0 1 0 0 1 0 0 1
000130.jpg 0 0 0 1 0 0 1 0 0 1
000131.jpg 1 0 1 0 0 0 1 1 0 1
000132.jpg 1 0 1 0 0 0 1 0 0 1
000133.jpg 0 0 1 0 0 0 1 0 0 1
000134.jpg 0 0 0 1 0 0 1 0 0 1
000135.jpg 1 0 0 1 0 0 1 0 0 0
000136.jpg 0 0 0 1 0 0 0 1 0 1
000137.jpg 0 0 0 1 0 0 1 0 1 1
000138.jpg 0 0 0 1 0 0 1 0 1 0
000139.jpg 0 0 0 0 0 0 1 1 0 1
000140.jpg 0 0 1 0 0 0 0 0 0 1
000141.jpg 0 0 1 0 0 0 0 0 0 1
000142.jpg 0 0 0 0 0 0 0 1 0 1
000143.jpg 0 0 0 1 0 0 1 0 0 1
000144.jpg 1 1 0 1 0 0 0 1 0 0
000145.jpg 1 0 0 0 0 0 1 1 0 1
000146.jpg 0 0 1 0 0 0 1 0 0 1
000147.jpg 0 0 0 0 0 0 0 0 0 1
000148.jpg 1 0 1 0 0 0 0 0 0 1
000149.jpg 0 0 0 0 0 0 1 0 1 1
000150.jpg 0 0 0 1 0 1 0 0 0 1
000151.jpg 0 0 1 0 0 0 1 0 0 1
000152.jpg 0 1 0 1 0 0 1 0 0 1
000153.jpg 0 0 0 1 0 0 1 0 0 1
000154.jpg 0 1 0 1 0 0 0 0 1 0
000155.jpg 0 0 1 0 0 0 1 0 0 1
000156.jpg 0 0 1 0 0 0 1 1 0 0
000157.jpg 0 0 0 0 0 0 0 0 0 1
000158.jpg 1 0 0 1 0 0 0 0 0 1
000159.jpg 0 0 1 0 0 0 0 0 0 1
000160.jpg 1 0 0 1 0 0 0 0 0 1
000161.jpg 1 0 1 0 0 0 1 0 0 1
000162.jpg 1 0 1 0 0 0 0 1 0 1
000163.jpg 0 0 1 0 0 0 0 1 0 1
000164.jpg 1 0 0 1 0 0 0 0 0 1
000165.jpg 0 0 1 0 0 1 0 1 0 1
000166.jpg 0 0 0 1 0 0 0 0 1 0
000167.jpg 0 0 0 0 0 0 0 0 0 1
000168.jpg 1 0 1 0 0 0 1 0 0 1
000169.jpg 0 0 0 1 0 0 0 0 0 1
000170.jpg 0 0 1 0 0 0 1 0 0 1
000171.jpg 0 0 0 1 0 0 0 0 0 0
000172.jpg 0 0 1 0 0 0 1 1 0 1
000173.jpg 1 0 1 0 0 0 1 0 0 1
000174.jpg 0 0 1 0 0 0 1 0 0 0
000175.jpg 0 0 1 0 0 0 1 0 0 1
000176.jpg 0 0 1 0 0 0 1 0 0 0
000177.jpg 1 0 1 0 0 0 0 0 0 1
000178.jpg 0 0 1 0 0 0 1 1 0 0
000179.jpg 1 0 1 0 0 0 1 0 0 1
000180.jpg 0 0 1 0 0 0 1 0 0 1
000181.jpg 1 0 0 1 0 0 1 0 0 1
000182.jpg 0 0 0 1 0 0 0 0 0 1
000183.jpg 0 0 0 0 0 0 1 0 0 1
000184.jpg 0 0 0 0 0 0 0 0 0 0
000185.jpg 0 0 1 0 0 0 0 1 0 1
000186.jpg 0 0 1 0 0 0 1 0 0 1
000187.jpg 1 0 0 1 0 0 1 0 0 1
000188.jpg 0 1 0 1 0 0 0 0 0 0
000189.jpg 0 1 0 0 0 0 1 0 0 1
000190.jpg 0 0 1 0 0 0 0 1 0 0
000191.jpg 0 0 1 0 0 0 1 0 0 1
000192.jpg 0 0 0 0 0 0 1 1 0 1
000193.jpg 1 1 0 1 0 0 0 0 0 0
000194.jpg 0 0 0 1 0 0 1 0 0 1
000195.jpg 0 0 0 1 0 0 1 0 1 0
000196.jpg 0 0 0 1 0 0 1 0 1 1
000197.jpg 0 0 0 1 0 1 1 0 0 1
000198.jpg 0 0 1 0 0 0 0 0 0 1
000199.jpg 0 0 0 1 0 0 0 0 1 1
000200.jpg 0 0 0 1 0 0 0 0 0 1
000201.jpg 0 0 1 0 0 1 0 0 0 1
000202.jpg 0 1 0 1 0 0 0 0 0 0
000203.jpg 0 0 0 1 0 0 0 0 0 1
000204.jpg 1 0 1 0 0 0 1 0 0 0
000205.jpg 0 0 0 1 0 0 0 0 0 1
000206.jpg 1 0 0 1 0 0 1 0 0 1
000207.jpg 0 0 1 0 0 0 0 1 0 1
000208.jpg 0 0 0 0 0 0 1 0 0 1
000209.jpg 0 0 0 1 1 0 1 0 0 0
000210.jpg 0 0 0 1 0 0 0 0 1 1
000211.jpg 0 0 0 0 0 0 0 1 0 1
000212.jpg 1 0 0 1 0 0 0 0 0 1
000213.jpg 0 0 0 1 0 0 0 0 0 0
000214.jpg 1 0 0 1 0 0 1 0 0 1
000215.jpg 0 0 0 1 0 0 0 0 0 1
000216.jpg 1 0 1 0 0 0 0 0 0 1
000217.jpg 0 0 1 0 0 0 1 1 0 1
000218.jpg 0 0 0 0 0 0 1 0 0 0
000219.jpg 0 0 0 0 0 0 0 1 0 1
000220.jpg 0 0 0 1 0 0 0 0 0 1
000221.jpg 0 0 0 1 0 0 0 0 0 0
000222.jpg 0 0 0 0 0 0 1 0 0 1
000223.jpg 0 0 0 1 0 0 1 0 0 0
000224.jpg 0 0 0 1 0 0 0 0 0 0
000225.jpg 0 0 1 0 0 1 1 0 0 1
000226.jpg 0 0 0 1 0 0 1 0 0 0
000227.jpg 0 0 0 1 0 0 0 0 0 1
000228.jpg 0 0 0 0 0 0 1 0 0 1
000229.jpg 0 1 0 1 0 0 0 0 0 1
000230.jpg 1 0 0 1 0 0 1 0 0 1
000231.jpg 0 0 1 0 0 1 0 1 0 1
000232.jpg 0 0 0 0 0 0 1 1 0 1
000233.jpg 1 0 0 0 0 0 0 0 0 1
000234.jpg 0 1 0 1 0 0 0 0 0 0
000235.jpg 0 0 0 1 0 0 0 0 0 1
000236.jpg 0 0 1 0 0 0 0 0 0 1
000237.jpg 0 1 0 1 0 0 0 0 0 0
000238.jpg 0 0 0 0 0 0 0 1 0 1
000239.jpg 0 0 1 0 0 0 1 0 0 1
000240.jpg 0 0 1 0 0 0 0 0 0 1
000241.jpg 0 0 0 0 0 0 1 0 0 0
000242.jpg 1 0 0 1 0 0 0 0 0 1
000243.jpg 0 0 0 0 0 0 0 1 1 1
000244.jpg 0 0 0 1 0 0 0 0 0 1
000245.jpg 1 0 0 1 1 0 1 0 0 1
000246.jpg 1 0 1 0 0 1 0 0 0 1
000247.jpg 0 0 1 0 0 0 1 0 0 1
000248.jpg 0 0 0 1 0 0 0 0 0 0
000249.jpg 0 0 1 0 0 0 1 0 0 1
000250.jpg 1 0 0 1 1 0 0 0 0 1
000251.jpg 0 0 1 0 0 0 0 1 0 1
000252.jpg 0 0 0 0 0 0 1 1 0 0
000253.jpg 0 0 0 1 0 0 0 0 0 1
000254.jpg 0 0 1 0 0 0 1 0 0 1
000255.jpg 0 0 0 1 0 1 0 0 0 1
000256.jpg 1 0 1 0 0 0 1 0 0 1
000257.jpg 0 0 1 0 0 0 0 1 0 1
000258.jpg 0 0 1 0 0 0 0 1 0 1
000259.jpg 0 0 1 0 0 0 1 1 0 1
000260.jpg 1 0 0 0 0 0 0 1 0 1
000261.jpg 0 0 0 1 0 0 0 0 0 1
000262.jpg 1 0 1 0 0 0 1 1 0 1
000263.jpg 0 0 0 0 0 0 0 1 0 1
000264.jpg 0 1 0 1 0 0 0 0 0 0
000265.jpg 0 0 0 1 0 0 0 0 0 0
000266.jpg 0 1 0 1 0 0 0 0 0 1
000267.jpg 0 0 1 0 0 0 0 0 0 1
000268.jpg 0 0 0 0 0 0 0 1 0 0
000269.jpg 1 0 1 0 0 0 1 1 0 1
000270.jpg 0 0 1 0 0 0 1 0 0 1
000271.jpg 0 0 0 0 0 0 1 1 0 0
000272.jpg 1 0 0 1 0 0 1 0 0 1
000273.jpg 0 0 1 0 0 0 1 1 0 0
000274.jpg 0 0 0 1 0 0 1 0 0 1
000275.jpg 0 1 0 0 0 0 0 0 0 1
000276.jpg 0 1 0 1 0 0 1 1 0 0
000277.jpg 1 0 1 1 0 0 1 1 0 1
000278.jpg 0 0 1 0 0 0 1 1 0 1
000279.jpg 0 0 1 0 0 0 0 1 0 1
000280.jpg 0 0 1 0 0 0 1 0 0 0
000281.jpg 0 0 0 0 0 0 0 1 0 0
000282.jpg 0 0 0 1 0 0 1 0 0 0
000283.jpg 0 0 0 1 0 0 0 0 0 1
000284.jpg 1 0 0 1 1 0 1 0 0 0
000285.jpg 1 0 1 0 0 0 0 0 0 1
000286.jpg 1 0 0 1 0 0 1 0 0 1
000287.jpg 0 0 1 0 0 0 0 1 0 1
000288.jpg 0 0 0 0 0 0 0 0 0 1
000289.jpg 1 0 0 0 0 0 0 0 0 1
000290.jpg 0 0 1 0 0 0 0 1 0 1
000291.jpg 0 0 1 0 0 0 0 1 0 0
000292.jpg 1 0 0 0 0 0 0 0 0 1
000293.jpg 0 0 0 1 1 0 0 0 0 1
000294.jpg 1 0 0 1 0 0 0 0 0 1
000295.jpg 0 0 0 1 0 0 1 0 0 0
000296.jpg 0 0 1 0 0 0 1 1 0 1
000297.jpg 1 0 0 1 0 0 0 0 0 1
000298.jpg 1 0 0 1 0 0 1 0 0 0
000299.jpg 0 0 0 1 0 0 1 0 0 0
000300.jpg 1 0 0 1 0 0 1 0 0 1
000301.jpg 0 0 1 0 0 0 1 0 0 0
000302.jpg 0 0 1 0 0 0 1 0 0 1
000303.jpg 1 0 1 0 0 0 0 1 0 1
000304.jpg 0 0 0 0 0 0 0 1 0 1
000305.jpg 0 0 0 0 0 0 0 1 0 1
000306.jpg 0 0 0 1 0 0 0 0 0 0
000307.jpg 0 0 0 1 0 0 1 0 0 0
000308.jpg 0 0 1 0 0 0 0 1 1 1
000309.jpg 0 0 0 0 0 0 1 1 0 1
000310.jpg 0 1 0 1 0 0 0 0 0 0
000311.jpg 0 0 0 1 0 0 0 0 0 1
000312.jpg 0 0 0 0 0 0 1 1 0 1
000313.jpg 0 0 0 1 0 0 1 0 0 0
000314.jpg 0 0 0 1 1 0 0 0 1 0
000315.jpg 1 0 1 0 0 0 0 0 0 1
000316.jpg 0 0 0 1 0 0 1 0 0 0
000317.jpg 0 0 0 0 0 0 1 0 0 1
000318.jpg 0 0 0 1 0 0 1 0 0 1
000319.jpg 0 0 1 0 0 0 0 0 0 1
000320.jpg 1 0 0 1 0 0 0 0 0 1
000321.jpg 1 0 0 1 0 0 0 0 0 0
000322.jpg 0 0 1 0 0 0 1 0 0 1
000323.jpg 0 0 1 0 0 0 0 1 0 1
000324.jpg 1 0 0 1 0 0 1 0 0 0
000325.jpg 0 0 1 0 0 0 1 1 0 1
000326.jpg 0 0 1 0 0 0 0 1 0 1
000327.jpg 1 0 1 0 0 0 1 1 0 1
000328.jpg 0 0 1 0 0 0 1 1 0 1
000329.jpg 0 0 0 1 0 0 0 1 0 0
000330.jpg 0 1 0 1 0 0 1 0 0 0
000331.jpg 0 0 0 1 0 0 0 1 0 1
000332.jpg 1 0 1 0 0 0 0 1 0 1
000333.jpg 0 0 0 1 1 0 0 0 1 1
000334.jpg 0 0 1 0 0 0 1 1 0 1
000335.jpg 0 1 0 1 0 0 0 0 1 1
000336.jpg 1 0 0 1 1 0 1 0 0 1
000337.jpg 0 0 1 0 0 0 0 0 0 1
000338.jpg 0 0 0 0 0 0 0 1 0 0
000339.jpg 1 0 0 1 0 0 0 0 0 1
000340.jpg 1 0 0 1 0 0 1 0 0 0
000341.jpg 0 0 1 0 0 0 1 0 0 1
000342.jpg 1 0 1 0 0 0 0 0 0 1
000343.jpg 0 0 1 0 0 0 0 0 0 1
000344.jpg 0 0 1 0 0 0 0 1 0 0
000345.jpg 0 0 0 0 0 0 0 0 0 1
000346.jpg 1 0 0 1 0 0 0 0 0 1
000347.jpg 0 0 1 0 0 1 0 0 0 1
000348.jpg 0 0 1 0 0 0 0 1 1 1
000349.jpg 1 0 1 0 0 0 1 1 0 1
000350.jpg 1 1 0 1 0 0 0 0 0 1
000351.jpg 0 0 0 0 0 0 0 0 0 1
000352.jpg 0 0 0 1 0 0 1 0 0 1
000353.jpg 0 0 1 0 0 0 1 1 0 1
000354.jpg 1 0 1 0 0 0 1 1 0 1
000355.jpg 1 0 0 1 0 0 0 0 0 1
000356.jpg 1 0 1 0 0 0 0 0 0 1
000357.jpg 0 0 1 0 0 0 1 1 0 0
000358.jpg 0 0 0 1 0 0 1 0 0 0
000359.jpg 0 0 1 0 0 0 1 0 0 0
000360.jpg 0 0 0 1 0 0 0 0 0 0
000361.jpg 0 0 1 0 0 0 0 0 0 1
000362.jpg 1 0 0 1 0 0 0 0 0 1
000363.jpg 1 0 0 1 0 0 0 0 0 1
000364.jpg 0 0 0 0 0 0 1 0 0 1
000365.jpg 0 0 0 0 0 0 1 0 0 1
000366.jpg 0 0 0 1 1 0 1 0 1 0
000367.jpg 1 0 0 1 0 0 0 0 0 1
000368.jpg 0 0 0 1 0 0 1 0 0 1
000369.jpg 1 0 0 0 0 0 1 1 0 1
000370.jpg 1 0 0 1 0 0 0 0 0 1
000371.jpg 0 0 0 0 0 0 0 0 0 1
000372.jpg 0 0 1 0 0 0 1 1 0 1
000373.jpg 0 1 0 0 0 0 0 0 0 1
000374.jpg 1 0 1 0 0 1 0 1 0 1
000375.jpg 0 1 0 0 0 0 1 1 0 0
000376.jpg 0 0 0 1 1 0 0 0 0 0
000377.jpg 0 0 0 1 0 0 0 1 0 1
000378.jpg 0 0 0 1 0 0 1 0 0 1
000379.jpg 0 0 0 0 0 0 0 0 0 1
000380.jpg 0 0 0 1 0 0 1 0 0 1
000381.jpg 0 0 1 0 0 0 1 0 0 0
000382.jpg 0 0 1 0 0 0 1 1 0 1
000383.jpg 0 1 0 1 1 0 0 0 0 0
000384.jpg 0 0 1 0 0 0 1 0 0 1
000385.jpg 0 0 0 1 0 0 1 0 0 1
000386.jpg 0 0 0 1 0 0 1 0 0 0
000387.jpg 0 0 0 0 0 0 1 1 0 1
000388.jpg 0 0 1 0 0 0 1 1 0 1
000389.jpg 0 0 0 1 0 0 0 0 0 0
000390.jpg 0 0 0 1 0 0 0 0 0 1
000391.jpg 0 0 1 0 0 1 1 1 0 1
000392.jpg 1 1 0 0 0 1 0 0 0 1
000393.jpg 0 0 0 1 0 0 1 0 0 0
000394.jpg 1 0 1 0 0 0 1 0 0 1
000395.jpg 0 0 1 0 0 0 0 0 0 1
000396.jpg 0 0 0 0 0 0 1 1 0 0
000397.jpg 0 0 1 0 0 0 0 1 0 1
000398.jpg 0 0 0 1 0 0 0 1 0 1
000399.jpg 0 0 1 0 0 0 0 1 0 1
000400.jpg 0 0 0 1 0 0 0 0 1 1
000401.jpg 1 0 0 1 0 0 0 0 0 1
000402.jpg 0 0 0 1 0 0 0 0 0 0
000403.jpg 0 0 0 1 0 1 0 0 1 1
000404.jpg 0 0 1 0 0 0 1 1 0 1
000405.jpg 0 0 0 1 0 0 0 0 0 1
000406.jpg 1 0 0 1 0 0 1 0 0 1
000407.jpg 0 0 1 0 0 0 1 1 0 1
000408.jpg 0 0 0 1 0 0 0 0 1 0
000409.jpg 1 0 0 1 0 0 0 0 0 1
000410.jpg 0 0 0 0 0 0 1 0 0 0
000411.jpg 0 0 1 0 0 0 1 1 0 1
000412.jpg 0 0 0 0 0 0 1 0 0 1
000413.jpg 0 0 0 1 0 0 1 0 0 1
000414.jpg 0 0 0 1 0 0 1 0 0 1
000415.jpg 0 0 1 0 0 0 0 0 0 1
000416.jpg 0 0 0 1 0 0 1 0 1 1
000417.jpg 0 0 0 1 0 0 0 0 0 0
000418.jpg 1 0 0 1 1 0 0 0 0 0
000419.jpg 0 0 1 0 0 0 1 0 0 0
000420.jpg 0 0 1 0 0 0 1 1 0 0
000421.jpg 0 0 1 0 0 0 0 1 0 1
000422.jpg 1 0 1 0 0 0 1 0 0 1
000423.jpg 0 0 0 0 0 1 0 0 0 1
000424.jpg 0 0 1 0 0 0 1 0 0 0
000425.jpg 0 0 0 1 0 0 1 0 0 1
000426.jpg 0 0 1 0 0 0 1 1 0 1
000427.jpg 1 0 0 1 0 0 0 0 0 1
000428.jpg 0 0 0 1 0 0 1 0 0 1
000429.jpg 0 0 0 1 0 0 0 0 0 1
000430.jpg 1 0 0 1 0 0 1 0 0 1
000431.jpg 0 0 0 0 0 0 1 0 0 0
000432.jpg 0 0 1 0 0 1 0 1 0 1
000433.jpg 1 0 0 1 0 0 1 0 0 0
000434.jpg 0 0 0 1 0 0 0 0 0 1
000435.jpg 1 0 1 0 0 0 1 0 0 1
000436.jpg 0 0 1 0 0 0 1 1 0 0
000437.jpg 0 0 0 1 0 0 1 0 0 0
000438.jpg 0 0 0 1 0 0 0 0 0 1
000439.jpg 1 0 0 1 0 0 1 0 0 1
000440.jpg 0 0 0 1 0 0 1 1 0 0
000441.jpg 0 0 0 0 0 0 1 1 0 0
000442.jpg 0 0 0 0 0 1 0 0 0 1
000443.jpg 0 0 0 1 0 0 0 0 0 1
000444.jpg 0 1 0 1 0 0 1 1 0 0
000445.jpg 0 0 0 0 0 0 0 1 0 1
000446.jpg 0 0 1 0 0 0 1 0 0 1
000447.jpg 0 1 0 1 1 0 0 0 0 0
000448.jpg 0 0 0 1 0 0 1 0 0 1
000449.jpg 0 0 0 1 0 0 0 0 0 0
000450.jpg 0 0 0 1 0 0 0 0 0 0
000451.jpg 0 1 1 0 0 0 0 0 0 1
000452.jpg 1 0 0 1 1 0 1 0 0 0
000453.jpg 0 0 0 1 0 0 0 0 1 1
000454.jpg 0 0 1 0 0 0 1 0 0 1
000455.jpg 1 0 1 0 0 0 1 1 0 1
000456.jpg 1 0 0 1 0 0 1 0 0 1
000457.jpg 0 0 1 0 0 0 1 1 0 1
000458.jpg 0 0 0 0 0 0 1 0 0 0
000459.jpg 0 0 0 1 0 0 0 0 0 1
000460.jpg 0 0 0 1 1 1 0 1 0 0
000461.jpg 1 0 0 1 0 0 0 0 0 1
000462.jpg 0 0 1 0 0 0 1 1 0 0
000463.jpg 0 0 1 0 0 0 0 1 0 1
000464.jpg 0 0 1 0 0 0 0 0 0 1
000465.jpg 0 0 0 1 0 0 0 0 1 0
000466.jpg 0 0 1 0 0 0 0 0 0 1
000467.jpg 0 0 1 0 0 0 1 1 0 1
000468.jpg 0 0 1 0 0 0 0 1 0 1
000469.jpg 0 0 0 0 0 0 0 1 0 1
000470.jpg 0 0 0 0 0 0 0 0 0 0
000471.jpg 0 0 1 0 0 0 1 0 0 1
000472.jpg 0 0 1 0 0 0 1 1 0 1
000473.jpg 0 0 0 1 0 0 0 1 0 1
000474.jpg 0 0 0 1 0 0 0 0 0 1
000475.jpg 0 0 1 0 0 0 1 0 0 1
000476.jpg 0 0 1 0 0 0 1 1 0 1
000477.jpg 1 0 0 1 0 0 1 0 0 0
000478.jpg 0 0 0 0 0 1 0 1 0 1
000479.jpg 0 0 0 1 0 0 0 0 0 0
000480.jpg 0 0 1 0 0 0 0 0 0 1
000481.jpg 0 0 0 1 1 1 0 0 0 1
000482.jpg 0 1 0 1 0 0 0 0 0 1
000483.jpg 0 0 1 0 0 0 1 0 0 1
000484.jpg 1 1 0 0 0 0 1 0 0 1
000485.jpg 0 0 1 0 0 0 1 1 0 1
000486.jpg 1 0 0 1 0 0 1 0 0 1
000487.jpg 0 0 1 0 0 0 1 1 0 1
000488.jpg 0 0 1 0 0 0 0 0 0 1
000489.jpg 1 0 1 0 0 0 1 0 0 0
000490.jpg 1 0 0 1 0 0 0 1 0 1
000491.jpg 0 0 1 0 0 0 0 1 0 1
000492.jpg 0 0 1 0 0 0 1 1 0 1
000493.jpg 0 0 0 0 0 0 1 0 0 1
000494.jpg 0 0 1 0 0 0 0 0 0 1
000495.jpg 0 0 1 0 0 0 1 0 0 1
000496.jpg 0 0 1 0 0 0 1 0 1 1
000497.jpg 0 0 1 0 0 0 1 1 0 1
000498.jpg 0 0 0 1 0 0 1 0 0 0
000499.jpg 0 0 1 0 0 0 0 0 0 1
000500.jpg 0 1 0 1 0 0 0 0 0 1
000501.jpg 0 0 0 1 0 0 1 0 1 1
000502.jpg 1 0 1 0 0 0 0 0 0 1
000503.jpg 0 0 1 0 0 1 0 0 0 1
000504.jpg 0 0 1 0 0 0 1 0 0 1
000505.jpg 1 0 0 0 0 0 1 0 0 1
000506.jpg 0 0 1 0 0 0 1 0 0 1
000507.jpg 1 0 0 0 0 0 0 0 0 1
000508.jpg 1 0 1 0 0 1 1 1 0 0
000509.jpg 0 0 0 0 0 0 1 0 0 1
000510.jpg 0 0 1 0 0 0 1 1 0 1
000511.jpg 0 1 0 1 0 0 0 0 0 0
000512.jpg 1 0 0 1 0 0 0 0 0 1
000513.jpg 0 0 1 0 0 0 1 0 0 0
000514.jpg 0 0 1 0 0 0 1 0 0 1
000515.jpg 1 0 0 1 0 0 1 0 0 1
000516.jpg 0 0 0 0 0 0 0 0 0 1
000517.jpg 0 0 0 0 0 0 1 0 0 1
000518.jpg 0 0 0 1 0 0 1 0 0 0
000519.jpg 0 0 1 0 0 0 1 0 0 0
000520.jpg 0 1 0 1 0 0 0 0 0 0
000521.jpg 0 0 0 1 0 0 1 0 0 1
000522.jpg 1 0 1 0 0 0 1 0 0 1
000523.jpg 0 0 1 0 0 0 1 0 0 1
000524.jpg 1 0 0 0 0 0 1 0 0 1
000525.jpg 1 0 0 0 0 0 1 0 0 0
000526.jpg 1 0 0 1 0 0 1 0 0 0
000527.jpg 0 0 0 0 0 0 0 1 0 1
000528.jpg 0 0 1 0 0 0 1 1 0 0
000529.jpg 1 0 0 1 0 0 0 0 0 1
000530.jpg 0 0 0 0 0 0 0 0 0 1
000531.jpg 1 0 1 0 0 0 1 1 0 1
000532.jpg 0 0 0 0 0 0 0 0 0 1
000533.jpg 0 0 0 0 0 0 0 0 0 1
000534.jpg 0 0 0 1 0 0 1 0 0 0
000535.jpg 1 0 0 1 0 0 1 0 0 1
000536.jpg 1 0 0 1 0 0 0 0 0 1
000537.jpg 1 0 0 1 1 0 0 0 0 1
000538.jpg 0 0 0 0 0 0 1 0 0 1
000539.jpg 1 0 1 0 0 0 0 0 0 1
000540.jpg 1 0 1 0 0 0 1 0 0 1
000541.jpg 0 0 1 0 0 0 0 1 0 1
000542.jpg 0 0 0 1 0 0 0 0 0 1
000543.jpg 0 0 0 1 0 0 0 1 0 1
000544.jpg 0 0 1 0 0 0 0 1 0 1
000545.jpg 0 0 0 1 0 0 0 1 0 1
000546.jpg 1 0 0 1 0 0 0 0 0 1
000547.jpg 0 0 1 0 0 0 0 0 0 1
000548.jpg 1 0 1 0 0 0 0 0 0 1
000549.jpg 0 0 1 0 0 0 0 1 0 1
000550.jpg 0 0 1 0 0 0 0 1 0 1
000551.jpg 0 0 1 0 0 0 1 0 0 1
000552.jpg 0 0 0 1 0 0 0 0 0 1
000553.jpg 0 0 1 0 0 0 1 1 0 1
000554.jpg 1 0 0 0 0 0 1 1 0 1
000555.jpg 0 0 0 1 0 0 1 0 0 0
000556.jpg 0 0 1 0 0 0 1 1 0 1
000557.jpg 0 0 0 0 0 1 0 0 0 1
000558.jpg 0 0 0 1 0 0 1 0 0 0
000559.jpg 1 0 0 1 0 0 0 0 0 1
000560.jpg 0 0 0 1 0 0 0 0 0 1
000561.jpg 1 0 0 1 0 0 1 0 0 1
000562.jpg 0 0 1 0 0 0 0 0 0 1
000563.jpg 0 0 0 1 0 0 1 0 0 1
000564.jpg 1 0 0 1 0 0 0 1 0 1
000565.jpg 0 0 1 0 0 0 1 0 0 1
000566.jpg 0 0 1 0 0 1 1 0 0 1
000567.jpg 0 0 1 0 0 0 1 1 0 1
000568.jpg 0 0 0 0 0 0 1 0 0 1
000569.jpg 1 0 0 1 0 0 1 0 0 1
000570.jpg 1 0 0 0 0 0 0 0 0 1
000571.jpg 1 0 0 1 0 0 0 0 0 1
000572.jpg 1 0 0 1 0 0 1 0 0 1
000573.jpg 0 0 0 1 0 0 0 0 0 0
000574.jpg 0 0 1 0 0 0 1 0 0 1
000575.jpg 0 1 0 1 0 0 1 0 0 1
000576.jpg 0 0 0 0 0 0 0 0 0 1
000577.jpg 0 0 0 1 0 0 0 0 0 0
000578.jpg 0 0 0 1 0 0 0 0 0 0
000579.jpg 0 0 1 0 0 0 1 1 0 0
000580.jpg 0 0 1 0 0 0 0 0 0 1
000581.jpg 0 1 0 1 1 0 0 0 1 0
000582.jpg 0 0 1 0 0 0 1 1 0 1
000583.jpg 1 0 0 1 0 0 1 0 0 1
000584.jpg 0 0 0 1 0 0 0 0 0 1
000585.jpg 0 0 0 1 0 0 0 1 0 0
000586.jpg 1 0 0 1 0 0 1 0 0 1
000587.jpg 0 0 0 1 0 0 1 0 0 1
000588.jpg 0 0 1 0 0 0 1 1 0 1
000589.jpg 1 0 1 0 0 0 1 1 0 1
000590.jpg 0 0 0 1 0 0 0 0 0 1
000591.jpg 0 0 0 1 1 0 0 0 0 1
000592.jpg 0 0 0 1 0 0 1 0 0 0
000593.jpg 0 0 0 1 0 0 1 0 0 1
000594.jpg 1 0 1 0 0 0 0 0 0 1
000595.jpg 1 0 1 0 0 0 1 0 0 1
000596.jpg 0 0 0 1 0 0 0 0 0 0
000597.jpg 0 0 1 0 0 0 0 1 0 1
000598.jpg 0 0 1 0 0 0 0 1 0 1
000599.jpg 0 0 1 0 0 0 1 1 0 1
000600.jpg 1 0 0 0 0 0 0 0 0 1
000601.jpg 0 0 0 0 0 0 0 0 0 1
000602.jpg 0 0 0 0 0 0 1 1 0 0
000603.jpg 1 0 0 1 0 0 0 0 0 1
000604.jpg 0 0 0 1 0 0 1 0 0 1
000605.jpg 0 0 1 0 0 0 1 1 0 0
000606.jpg 0 0 0 0 0 1 0 0 0 1
000607.jpg 0 0 1 0 0 0 0 0 0 1
000608.jpg 0 1 0 1 0 0 1 0 0 0
000609.jpg 0 0 1 0 0 0 0 1 0 1
000610.jpg 1 0 1 0 0 0 1 1 0 1
000611.jpg 0 0 1 0 0 0 0 1 0 1
000612.jpg 1 0 1 0 0 0 0 0 0 1
000613.jpg 0 0 1 0 0 0 1 1 0 1
000614.jpg 0 0 0 0 0 0 0 0 0 1
000615.jpg 0 0 0 0 0 0 0 1 0 1
000616.jpg 1 0 1 0 0 0 1 1 0 1
000617.jpg 1 0 0 1 0 0 1 0 0 0
000618.jpg 0 0 1 0 0 0 1 0 0 1
000619.jpg 1 1 0 1 0 0 0 0 0 1
000620.jpg 0 0 0 1 0 0 1 0 0 0
000621.jpg 0 0 0 0 0 0 1 1 0 1
000622.jpg 0 0 0 1 0 0 0 1 0 1
000623.jpg 0 0 0 1 0 0 1 0 0 0
000624.jpg 0 1 0 1 0 0 0 0 0 0
000625.jpg 1 0 0 1 0 0 1 1 0 0
000626.jpg 0 0 0 0 0 0 0 0 0 1
000627.jpg 0 0 0 0 0 0 0 0 0 1
000628.jpg 0 1 0 1 1 0 1 0 0 0
000629.jpg 0 0 0 1 0 0 1 0 0 0
000630.jpg 1 0 0 1 0 0 1 0 0 1
000631.jpg 1 0 1 0 0 0 1 0 0 1
000632.jpg 0 0 1 0 0 0 1 1 0 1
000633.jpg 1 0 1 0 0 0 1 0 0 0
000634.jpg 0 0 1 0 0 0 1 0 0 1
000635.jpg 0 0 0 0 0 0 1 0 1 1
000636.jpg 1 0 0 1 0 0 1 0 0 1
000637.jpg 0 0 0 1 0 0 0 0 1 1
000638.jpg 1 0 1 0 0 0 1 0 0 1
000639.jpg 0 0 0 1 0 0 0 0 0 0
000640.jpg 1 0 0 0 0 0 1 1 0 1
000641.jpg 0 0 1 0 0 0 1 0 0 0
000642.jpg 0 0 1 0 0 0 1 0 0 0
000643.jpg 0 0 0 0 0 0 1 0 0 1
000644.jpg 0 0 1 0 0 1 0 0 0 1
000645.jpg 1 0 1 0 0 0 1 1 0 1
000646.jpg 0 1 0 0 0 0 1 0 0 1
000647.jpg 1 0 1 0 0 0 1 0 0 1
000648.jpg 0 0 0 0 0 0 1 0 0 1
000649.jpg 1 0 0 1 0 0 0 0 0 0
000650.jpg 0 0 1 0 0 0 1 0 0 1
000651.jpg 0 0 0 1 0 0 0 0 0 1
000652.jpg 1 0 0 1 0 0 0 0 0 1
000653.jpg 0 0 0 0 0 0 0 0 0 1
000654.jpg 0 0 0 1 0 0 1 0 0 0
000655.jpg 1 0 0 1 0 0 0 0 0 1
000656.jpg 0 0 0 0 0 0 0 1 0 1
000657.jpg 0 0 0 1 0 0 1 0 1 0
000658.jpg 0 0 1 0 0 0 0 0 0 1
000659.jpg 0 0 0 1 0 0 1 0 0 0
000660.jpg 1 0 0 1 0 0 1 0 0 1
000661.jpg 0 0 0 1 1 0 1 0 0 0
000662.jpg 0 0 0 1 0 0 0 1 0 0
000663.jpg 1 0 1 0 0 0 1 0 0 1
000664.jpg 0 0 1 0 0 0 0 1 0 1
000665.jpg 0 0 1 0 0 0 0 0 0 1
000666.jpg 0 0 0 0 0 0 1 0 0 1
000667.jpg 0 0 1 0 0 0 1 1 0 1
000668.jpg 1 0 1 0 0 0 1 0 0 1
000669.jpg 1 0 0 0 0 0 0 0 0 1
000670.jpg 0 0 0 1 0 0 1 0 0 1
000671.jpg 1 0 0 1 0 0 0 0 0 1
000672.jpg 0 0 0 1 0 0 0 0 1 1
000673.jpg 0 1 0 0 0 0 0 0 0 1
000674.jpg 1 0 0 1 0 0 0 1 0 0
000675.jpg 0 1 0 1 1 0 0 0 0 0
000676.jpg 0 1 0 0 0 0 1 1 0 0
000677.jpg 0 0 0 1 0 0 0 0 0 0
000678.jpg 0 0 1 0 0 0 1 1 0 1
000679.jpg 1 0 1 0 0 0 0 0 0 1
000680.jpg 0 0 0 0 0 0 0 0 0 1
000681.jpg 1 0 0 1 0 0 1 0 0 1
000682.jpg 1 0 0 1 0 0 0 0 0 1
000683.jpg 1 1 1 1 0 0 0 0 0 0
000684.jpg 0 0 0 1 0 0 0 0 0 1
000685.jpg 0 0 0 1 0 0 0 1 0 1
000686.jpg 1 0 0 1 0 0 1 0 0 1
000687.jpg 0 1 0 1 0 0 0 0 0 0
000688.jpg 0 0 0 1 0 0 1 0 0 1
000689.jpg 0 0 0 1 0 0 1 1 0 1
000690.jpg 0 0 0 1 0 0 1 0 0 1
000691.jpg 0 0 0 0 0 0 0 0 0 1
000692.jpg 0 0 1 0 0 0 0 1 0 1
000693.jpg 0 0 1 0 0 0 1 1 0 1
000694.jpg 0 0 1 0 0 0 1 0 0 1
000695.jpg 0 0 0 1 0 0 0 0 0 0
000696.jpg 0 0 0 1 0 0 1 0 0 1
000697.jpg 0 0 0 1 0 0 1 0 0 0
000698.jpg 0 0 1 0 0 0 1 1 0 1
000699.jpg 0 0 1 0 0 1 1 0 0 1
000700.jpg 1 0 0 1 0 0 0 0 0 1
000701.jpg 0 0 1 0 0 0 1 1 0 1
000702.jpg 0 0 1 0 0 0 1 0 0 1
000703.jpg 0 0 1 0 0 0 1 0 0 1
000704.jpg 0 0 0 0 0 1 1 1 0 0
000705.jpg 0 1 0 1 0 0 0 0 0 1
000706.jpg 0 0 0 1 0 0 0 0 0 1
000707.jpg 1 0 1 0 0 0 1 1 0 1
000708.jpg 0 0 0 0 0 0 0 0 0 1
000709.jpg 0 0 1 0 0 0 1 0 0 1
000710.jpg 0 1 0 1 0 0 1 0 0 1
000711.jpg 0 0 0 0 0 0 0 1 0 1
000712.jpg 0 0 0 1 0 0 1 1 0 1
000713.jpg 0 0 0 1 0 0 1 0 0 1
000714.jpg 0 0 0 1 0 0 0 0 0 0
000715.jpg 0 0 1 0 0 0 0 1 0 1
000716.jpg 1 0 1 0 0 0 1 1 0 1
000717.jpg 1 0 0 0 0 0 0 0 0 1
000718.jpg 0 0 1 0 0 0 1 0 0 1
000719.jpg 0 0 0 0 0 0 1 0 0 0
000720.jpg 0 1 0 1 0 0 0 1 0 0
000721.jpg 0 0 1 0 0 0 1 0 0 0
000722.jpg 0 0 1 0 0 0 1 0 0 0
000723.jpg 0 0 0 1 0 0 0 1 0 1
000724.jpg 1 0 0 1 0 0 0 0 0 0
000725.jpg 0 0 1 0 0 0 1 1 0 1
000726.jpg 0 1 0 0 0 0 1 0 0 1
000727.jpg 1 0 0 0 0 0 1 1 0 1
000728.jpg 1 0 0 1 0 0 0 0 0 0
000729.jpg 0 0 0 1 0 0 0 0 0 1
000730.jpg 0 0 0 1 0 0 0 0 0 1
000731.jpg 0 0 0 1 1 0 0 0 1 0
000732.jpg 0 0 0 1 0 0 0 1 0 1
000733.jpg 0 0 0 1 0 0 0 0 0 0
000734.jpg 0 0 1 0 0 0 0 0 0 1
000735.jpg 1 0 0 1 0 0 1 0 0 1
000736.jpg 0 0 1 0 0 1 1 1 0 1
000737.jpg 0 0 1 0 0 0 1 1 0 1
000738.jpg 1 0 1 0 0 0 0 1 0 1
000739.jpg 0 0 0 1 0 0 1 1 0 1
000740.jpg 0 0 1 0 0 0 1 0 0 1
000741.jpg 0 0 1 0 0 0 0 1 0 1
000742.jpg 0 0 1 0 0 0 0 0 0 1
000743.jpg 1 0 1 0 0 0 1 0 0 1
000744.jpg 0 0 0 1 0 0 1 0 0 1
000745.jpg 1 0 0 1 0 0 0 1 0 1
000746.jpg 0 0 0 0 0 0 0 0 0 1
000747.jpg 0 0 0 1 0 0 0 0 0 0
000748.jpg 0 0 1 0 0 0 0 1 0 1
000749.jpg 0 0 1 0 0 0 0 0 1 1
000750.jpg 1 0 0 0 0 0 1 0 0 1
000751.jpg 0 0 0 0 0 0 0 0 0 0
000752.jpg 0 0 0 0 0 0 1 0 1 1
000753.jpg 0 0 0 1 0 0 1 0 0 1
000754.jpg 0 0 1 0 0 0 1 0 0 1
000755.jpg 0 0 0 1 0 0 0 1 0 0
000756.jpg 0 0 0 1 0 0 1 0 0 1
000757.jpg 0 0 0 1 0 0 0 0 0 1
000758.jpg 1 0 1 0 0 0 0 0 0 1
000759.jpg 0 0 1 0 0 0 1 1 0 1
000760.jpg 0 1 0 0 0 0 0 0 0 1
000761.jpg 0 0 1 0 0 0 1 0 0 1
000762.jpg 0 0 0 0 0 0 1 0 0 0
000763.jpg 1 0 1 0 0 0 1 1 0 1
000764.jpg 1 0 0 0 0 0 1 0 0 1
000765.jpg 0 0 1 0 0 0 0 0 0 1
000766.jpg 1 0 1 0 0 0 0 0 0 1
000767.jpg 0 0 1 0 0 0 1 1 0 1
000768.jpg 0 0 0 1 0 0 0 0 0 0
000769.jpg 0 0 1 0 0 1 0 1 0 1
000770.jpg 0 0 0 0 0 0 0 0 1 1
000771.jpg 0 0 0 1 0 0 1 0 0 0
000772.jpg 0 0 1 0 0 0 0 0 0 1
000773.jpg 1 0 0 1 0 0 0 0 0 1
000774.jpg 1 0 1 0 0 0 0 1 0 1
000775.jpg 0 0 0 1 0 0 1 0 0 0
000776.jpg 0 0 0 0 0 0 1 0 0 1
000777.jpg 1 0 0 0 0 0 0 1 0 1
000778.jpg 0 1 0 1 1 0 0 0 1 0
000779.jpg 0 0 0 1 0 0 1 0 0 0
000780.jpg 1 0 0 1 0 0 1 0 0 1
000781.jpg 0 0 1 0 0 0 0 1 0 1
000782.jpg 0 0 0 0 0 0 0 0 0 1
000783.jpg 0 0 1 0 0 0 0 1 0 1
000784.jpg 1 0 0 1 0 0 1 0 0 1
000785.jpg 1 0 0 0 0 0 1 0 0 0
000786.jpg 0 0 1 0 0 0 1 1 0 1
000787.jpg 0 0 1 0 0 1 1 0 0 0
000788.jpg 0 1 0 1 0 0 1 0 0 1
000789.jpg 0 0 0 1 0 0 0 0 0 1
000790.jpg 1 0 0 1 0 0 1 0 0 0
000791.jpg 0 0 0 1 0 0 1 0 0 1
000792.jpg 0 0 1 0 0 1 0 0 0 1
000793.jpg 1 0 1 0 0 0 0 1 0 1
000794.jpg 0 0 1 0 0 0 1 0 0 1
000795.jpg 0 0 1 0 0 0 1 0 0 1
000796.jpg 0 0 1 0 0 0 1 1 0 0
000797.jpg 0 0 0 1 1 0 1 1 0 0
000798.jpg 0 1 0 1 0 0 1 0 0 0
000799.jpg 0 0 1 0 0 0 1 1 0 1
000800.jpg 0 0 1 0 0 0 1 1 0 0
000801.jpg 0 0 0 1 0 0 0 1 0 1
000802.jpg 0 0 0 0 0 0 1 0 0 1
000803.jpg 0 0 0 1 0 0 0 0 0 1
000804.jpg 0 0 1 0 0 0 1 0 0 1
000805.jpg 0 0 0 0 0 0 0 0 0 1
000806.jpg 0 0 0 0 0 0 1 0 0 1
000807.jpg 0 0 0 0 0 0 0 0 0 1
000808.jpg 1 0 0 1 0 0 0 0 0 1
000809.jpg 0 0 1 0 0 0 0 0 0 1
000810.jpg 1 0 1 0 0 0 1 0 0 1
000811.jpg 0 0 1 0 0 0 1 0 0 1
000812.jpg 0 0 0 0 0 0 0 0 0 1
000813.jpg 1 0 0 1 0 0 0 0 0 1
000814.jpg 0 0 0 0 0 0 1 0 0 1
000815.jpg 1 1 0 1 0 0 0 0 0 0
000816.jpg 1 0 0 1 0 0 1 0 0 1
000817.jpg 0 0 0 0 0 0 1 0 0 0
000818.jpg 0 0 0 1 0 0 1 0 0 0
000819.jpg 0 0 0 0 0 0 1 0 0 1
000820.jpg 0 0 0 0 0 0 1 0 1 1
000821.jpg 0 0 1 0 0 0 0 1 0 1
000822.jpg 0 0 1 0 0 0 1 0 0 1
000823.jpg 0 0 0 0 0 0 1 0 0 1
000824.jpg 0 0 1 0 0 0 1 0 0 1
000825.jpg 1 0 0 1 0 0 1 0 0 1
000826.jpg 0 0 0 1 0 0 0 0 0 0
000827.jpg 0 0 0 0 0 0 0 0 0 1
000828.jpg 0 0 0 0 0 0 0 0 0 1
000829.jpg 1 0 0 1 0 0 1 0 0 1
000830.jpg 1 0 0 1 0 0 0 0 1 1
000831.jpg 1 0 1 0 0 0 1 1 0 0
000832.jpg 0 0 1 0 0 0 0 0 0 1
000833.jpg 0 0 0 1 0 0 0 0 0 1
000834.jpg 0 0 1 0 0 0 1 0 0 1
000835.jpg 0 0 1 0 0 1 1 1 0 1
000836.jpg 0 0 0 1 0 0 1 0 0 0
000837.jpg 0 0 1 0 0 0 1 1 0 1
000838.jpg 0 0 0 1 0 0 1 0 0 1
000839.jpg 0 0 0 0 0 0 1 1 0 1
000840.jpg 0 0 1 0 0 0 1 1 0 1
000841.jpg 1 0 0 1 0 0 0 0 0 1
000842.jpg 0 0 0 1 0 0 0 0 0 1
000843.jpg 0 0 0 1 0 0 0 0 0 1
000844.jpg 1 0 0 1 0 0 1 0 0 1
000845.jpg 0 0 0 1 0 0 0 0 1 1
000846.jpg 0 0 0 1 0 0 0 0 0 0
000847.jpg 1 0 1 0 0 0 1 0 0 1
000848.jpg 1 0 0 1 0 0 0 0 0 1
000849.jpg 0 0 1 0 0 0 1 0 0 1
000850.jpg 0 0 0 1 1 0 1 0 0 1
000851.jpg 0 0 0 1 0 0 1 0 0 0
000852.jpg 0 0 1 0 0 0 0 0 0 1
000853.jpg 0 0 0 1 0 0 0 0 0 0
000854.jpg 0 0 1 0 0 0 1 0 0 1
000855.jpg 0 0 0 1 0 0 0 1 0 1
000856.jpg 0 0 1 0 0 0 1 1 0 1
000857.jpg 0 0 1 0 0 0 1 1 0 0
000858.jpg 0 0 0 1 0 0 0 0 0 1
000859.jpg 1 0 0 1 0 0 0 0 0 0
000860.jpg 1 0 0 1 0 0 0 0 0 0
000861.jpg 0 0 0 1 0 0 0 1 0 0
000862.jpg 0 0 0 0 0 0 0 1 1 1
000863.jpg 0 0 0 0 0 0 0 0 0 1
000864.jpg 0 0 0 0 0 0 1 0 0 0
000865.jpg 0 0 1 0 0 0 1 1 0 1
000866.jpg 0 0 1 0 0 0 0 0 0 1
000867.jpg 0 0 0 0 0 0 0 0 0 0
000868.jpg 0 0 1 0 0 0 0 1 0 1
000869.jpg 0 0 0 0 0 1 1 1 0 1
000870.jpg 1 0 1 0 0 0 0 1 0 1
000871.jpg 0 0 0 0 0 1 0 1 0 1
000872.jpg 0 0 0 0 0 0 1 0 0 1
000873.jpg 0 0 0 1 0 0 0 0 0 1
000874.jpg 0 0 0 0 0 0 1 0 0 1
000875.jpg 1 0 0 1 0 0 1 0 0 1
000876.jpg 0 0 1 0 0 0 1 1 0 1
000877.jpg 0 0 1 0 0 0 1 1 0 1
000878.jpg 1 0 0 0 0 0 0 1 0 1
000879.jpg 1 0 0 1 0 0 1 0 0 0
000880.jpg 0 0 1 0 0 0 1 0 0 1
000881.jpg 0 0 0 1 0 0 0 0 0 0
000882.jpg 0 0 0 0 0 0 0 0 0 1
000883.jpg 1 0 1 0 0 0 1 1 0 1
000884.jpg 0 0 1 0 0 0 1 1 0 1
000885.jpg 1 0 0 1 0 0 0 0 0 1
000886.jpg 0 0 0 1 0 0 1 0 0 1
000887.jpg 0 0 0 0 0 0 1 0 0 0
000888.jpg 0 0 0 1 0 0 0 0 0 0
000889.jpg 1 0 0 1 0 0 0 0 0 1
000890.jpg 0 0 0 0 0 0 0 1 0 1
000891.jpg 0 0 0 0 0 0 0 1 0 0
000892.jpg 0 0 0 1 0 0 1 0 0 1
000893.jpg 0 0 1 0 0 0 1 1 0 1
000894.jpg 0 0 1 0 0 0 1 1 0 1
000895.jpg 0 0 1 0 0 0 1 1 0 1
000896.jpg 0 0 1 0 0 0 1 1 0 1
000897.jpg 0 0 0 0 0 1 0 0 0 1
000898.jpg 0 0 0 1 0 0 1 0 0 0
000899.jpg 0 0 1 0 0 0 1 0 0 0
000900.jpg 0 0 1 0 0 0 1 0 0 1
000901.jpg 0 0 0 0 0 0 0 1 0 1
000902.jpg 0 1 0 1 0 0 1 0 0 0
000903.jpg 0 0 0 1 1 0 0 0 0 0
000904.jpg 0 1 0 1 0 0 0 0 0 0
000905.jpg 0 0 0 1 0 0 0 0 0 0
000906.jpg 0 0 0 1 0 0 0 0 0 1
000907.jpg 0 1 0 1 0 0 1 0 0 0
000908.jpg 1 0 0 1 1 0 0 0 0 1
000909.jpg 0 0 1 0 0 0 0 1 0 1
000910.jpg 0 0 0 0 0 0 1 1 0 1
000911.jpg 0 1 0 1 0 0 1 1 0 0
000912.jpg 0 0 1 0 0 0 1 0 0 1
000913.jpg 0 0 0 1 0 0 0 1 0 1
000914.jpg 1 0 0 0 0 0 1 0 0 1
000915.jpg 0 0 0 1 0 1 0 0 0 0
000916.jpg 0 0 1 0 0 0 1 0 0 1
000917.jpg 0 0 1 0 0 0 0 0 0 1
000918.jpg 0 0 1 0 0 0 0 0 0 1
000919.jpg 0 0 1 0 0 0 1 0 0 1
000920.jpg 0 0 1 0 0 0 0 1 0 1
000921.jpg 0 0 1 0 0 0 0 0 0 1
000922.jpg 1 0 1 0 0 0 1 1 0 1
000923.jpg 0 0 0 1 0 0 0 0 0 1
000924.jpg 0 0 1 0 0 0 1 1 0 1
000925.jpg 0 0 0 0 0 0 0 1 0 0
000926.jpg 0 1 0 1 0 0 0 0 0 0
000927.jpg 1 0 1 0 0 0 1 1 0 1
000928.jpg 0 0 0 1 0 0 0 1 0 1
000929.jpg 1 0 1 0 0 0 1 1 0 1
000930.jpg 0 1 0 1 1 0 1 1 0 1
000931.jpg 1 0 0 1 1 0 1 0 0 1
000932.jpg 0 0 1 0 0 0 0 0 0 1
000933.jpg 0 0 0 1 0 0 0 0 1 1
000934.jpg 0 0 1 0 0 0 0 0 0 1
000935.jpg 0 1 0 1 1 0 1 0 0 0
000936.jpg 1 0 0 0 0 0 1 0 0 1
000937.jpg 0 0 0 0 0 0 1 0 0 1
000938.jpg 0 1 0 1 0 0 0 0 0 0
000939.jpg 0 0 1 0 0 0 0 1 0 1
000940.jpg 0 0 1 0 0 0 1 1 0 1
000941.jpg 0 0 1 0 0 0 0 0 0 1
000942.jpg 0 0 1 0 0 0 1 0 0 1
000943.jpg 0 0 1 0 0 0 1 1 0 1
000944.jpg 0 1 0 1 1 0 1 0 0 0
000945.jpg 0 0 1 0 0 0 0 0 0 1
000946.jpg 0 0 0 1 0 0 1 0 0 1
000947.jpg 0 0 0 0 0 0 1 0 0 1
000948.jpg 0 0 0 0 0 0 1 0 0 1
000949.jpg 0 0 0 0 0 0 0 0 0 1
000950.jpg 0 0 1 0 0 0 0 0 0 1
000951.jpg 0 1 0 1 0 0 1 0 0 0
000952.jpg 0 0 1 0 0 0 1 0 0 1
000953.jpg 0 0 0 1 0 0 0 0 0 1
000954.jpg 1 0 0 1 0 0 1 0 0 1
000955.jpg 0 0 0 0 0 0 1 1 0 0
000956.jpg 0 0 0 0 0 0 1 0 0 1
000957.jpg 0 0 0 1 0 0 0 0 0 1
000958.jpg 0 1 0 1 0 0 0 0 0 0
000959.jpg 0 0 0 1 0 0 1 0 1 1
000960.jpg 0 0 0 1 0 0 1 0 0 1
000961.jpg 0 0 1 0 0 0 1 0 0 1
000962.jpg 1 0 0 1 0 0 0 1 0 1
000963.jpg 1 0 1 0 0 0 1 0 0 1
000964.jpg 0 0 0 1 0 0 0 1 0 1
000965.jpg 0 0 0 0 0 0 0 0 0 1
000966.jpg 1 0 0 1 0 0 1 0 0 1
000967.jpg 0 0 1 0 0 0 1 0 0 1
000968.jpg 0 0 1 0 0 0 1 0 0 1
000969.jpg 0 0 0 1 0 0 0 0 0 0
000970.jpg 0 0 1 0 0 0 1 0 0 0
000971.jpg 0 0 0 1 0 0 1 0 0 1
000972.jpg 1 0 1 1 0 0 1 0 0 1
000973.jpg 0 0 0 1 0 0 1 0 0 0
000974.jpg 0 0 0 0 0 0 1 0 0 0
000975.jpg 0 0 0 1 0 0 0 0 0 1
000976.jpg 0 0 0 0 0 0 0 0 0 1
000977.jpg 0 0 0 1 0 0 0 0 0 1
000978.jpg 0 0 0 1 0 0 0 0 0 1
000979.jpg 1 0 0 1 0 0 0 0 0 1
000980.jpg 0 0 1 0 0 0 0 1 0 1
000981.jpg 0 0 0 0 0 0 1 0 0 0
000982.jpg 0 0 0 0 0 0 1 1 0 1
000983.jpg 1 0 0 1 0 0 0 0 0 0
000984.jpg 0 0 0 0 0 0 1 0 0 1
000985.jpg 0 0 0 0 0 0 0 1 0 1
000986.jpg 0 0 1 0 0 0 1 1 0 1
000987.jpg 1 0 0 1 0 0 0 0 0 0
000988.jpg 0 0 0 0 0 0 1 1 0 1
000989.jpg 1 0 1 0 0 1 0 1 0 1
000990.jpg 1 0 0 1 0 0 0 0 0 1
000991.jpg 1 0 1 0 0 0 1 0 0 1
000992.jpg 0 0 0 1 0 0 0 0 0 1
000993.jpg 0 0 0 1 1 0 1 0 0 0
000994.jpg 0 0 0 1 0 0 0 1 0 1
000995.jpg 0 0 1 0 0 0 0 0 0 1
000996.jpg 0 0 1 0 0 0 1 0 0 0
000997.jpg 0 0 1 0 0 1 0 0 0 0
000998.jpg 0 0 1 0 0 0 0 1 0 1
000999.jpg 0 0 0 1 0 0 0 0 0 0
001000.jpg 0 0 1 0 0 0 1 1 0 1
001001.jpg 0 0 0 0 0 0 1 0 0 1
001002.jpg 0 0 1 0 0 0 1 0 0 1
001003.jpg 0 0 1 0 0 0 0 0 0 1
001004.jpg 1 0 1 0 0 0 1 1 0 1
001005.jpg 0 0 1 0 0 0 0 1 0 1
001006.jpg 0 0 0 1 0 0 1 0 0 0
001007.jpg 0 0 1 0 0 0 1 1 0 0
001008.jpg 0 0 0 1 0 0 0 0 0 0
001009.jpg 0 0 1 0 0 0 1 0 0 1
001010.jpg 0 0 1 0 0 0 1 1 0 1
001011.jpg 0 0 1 0 0 0 1 1 0 1
001012.jpg 0 0 1 0 0 0 0 0 0 1
001013.jpg 0 0 1 0 0 0 1 1 0 1
001014.jpg 0 0 1 0 0 1 1 1 0 1
001015.jpg 0 0 1 0 0 0 1 1 0 1
001016.jpg 0 0 0 0 0 0 1 0 0 0
001017.jpg 1 0 0 0 0 1 0 0 0 1
001018.jpg 0 0 1 0 0 0 0 1 0 1
001019.jpg 0 0 1 0 0 0 1 1 0 1
001020.jpg 0 0 0 1 0 0 1 1 0 1
001021.jpg 0 0 1 0 0 0 0 1 0 1
001022.jpg 0 0 0 1 1 0 0 0 0 1
001023.jpg 0 0 1 0 0 0 1 1 0 1
001024.jpg 1 0 1 0 0 0 0 0 0 1
001025.jpg 0 0 1 0 0 0 1 0 0 1
001026.jpg 1 0 0 0 0 0 1 0 0 1
001027.jpg 1 0 0 1 0 0 0 0 0 1
001028.jpg 0 1 0 0 0 0 0 0 0 0
001029.jpg 0 0 1 0 0 0 1 0 0 1
001030.jpg 0 0 0 1 0 0 0 0 1 1
001031.jpg 0 0 1 0 0 0 1 0 0 1
001032.jpg 0 0 0 1 0 0 0 0 0 1
001033.jpg 0 1 0 1 0 0 1 0 0 0
001034.jpg 0 0 1 0 0 0 1 0 0 1
001035.jpg 0 0 0 1 0 0 0 0 0 1
001036.jpg 0 0 0 1 0 0 0 0 0 1
001037.jpg 1 0 1 0 0 0 0 0 0 1
001038.jpg 0 0 0 1 0 0 0 0 1 1
001039.jpg 0 0 1 0 0 0 1 1 0 1
001040.jpg 0 0 1 0 0 0 1 1 0 1
001041.jpg 0 0 0 0 0 0 0 0 1 1
001042.jpg 1 0 1 0 0 0 0 1 0 1
001043.jpg 0 0 1 0 0 0 0 1 0 1
001044.jpg 0 0 0 1 0 0 0 0 0 1
001045.jpg 0 0 1 0 0 1 1 1 0 1
001046.jpg 0 0 0 0 0 0 0 0 0 0
001047.jpg 0 0 0 1 0 0 0 0 0 1
001048.jpg 1 0 0 1 0 0 1 0 0 1
001049.jpg 1 0 1 0 0 0 1 0 0 1
001050.jpg 0 0 1 0 0 0 1 1 0 1
001051.jpg 0 0 0 1 0 0 0 0 0 1
001052.jpg 0 1 0 1 1 0 0 0 0 1
001053.jpg 1 0 0 1 0 0 0 0 0 1
001054.jpg 1 0 0 0 0 0 0 0 0 1
001055.jpg 0 0 0 1 0 0 0 0 0 0
001056.jpg 0 0 1 0 0 0 1 0 0 1
001057.jpg 0 0 0 1 0 0 0 0 1 0
001058.jpg 0 0 1 0 0 0 1 1 0 0
001059.jpg 0 0 0 1 0 0 1 0 0 1
001060.jpg 0 0 0 0 0 0 1 1 0 0
001061.jpg 0 0 1 0 0 0 1 1 0 1
001062.jpg 0 0 1 0 0 0 1 0 0 1
001063.jpg 1 1 0 1 0 0 1 0 0 0
001064.jpg 0 0 1 0 0 0 0 1 0 1
001065.jpg 0 0 0 1 0 0 1 0 0 0
001066.jpg 1 0 0 1 1 0 0 0 0 0
001067.jpg 1 0 1 0 0 0 1 0 0 1
001068.jpg 0 0 1 0 0 0 0 1 0 1
001069.jpg 0 0 1 0 0 0 1 1 0 1
001070.jpg 0 0 1 0 0 0 0 1 0 1
001071.jpg 1 0 1 0 0 0 0 1 0 1
001072.jpg 0 0 0 1 0 1 1 0 0 0
001073.jpg 0 0 1 0 0 0 1 0 0 1
001074.jpg 0 0 0 1 0 0 0 0 1 1
001075.jpg 0 0 0 0 0 0 0 1 0 1
001076.jpg 0 0 1 0 0 0 1 0 0 0
001077.jpg 1 0 1 0 0 0 0 0 0 1
001078.jpg 0 0 0 0 0 0 0 0 0 0
001079.jpg 1 0 0 1 0 0 0 1 0 1
001080.jpg 0 0 1 0 0 0 0 1 0 1
001081.jpg 0 0 0 0 0 1 0 0 0 1
001082.jpg 1 0 1 0 0 1 0 0 0 1
001083.jpg 0 0 1 0 0 0 1 1 0 0
001084.jpg 0 0 1 0 0 0 0 1 0 1
001085.jpg 1 0 1 0 0 0 1 1 0 1
001086.jpg 0 0 1 0 0 0 1 1 0 1
001087.jpg 1 0 1 0 0 0 0 0 0 1
001088.jpg 0 0 0 0 0 0 1 0 0 1
001089.jpg 1 0 0 1 1 0 1 0 0 0
001090.jpg 0 0 0 0 0 0 0 0 0 1
001091.jpg 0 0 1 0 0 0 0 0 0 1
001092.jpg 0 0 0 1 0 1 0 0 0 0
001093.jpg 0 0 0 0 0 0 1 0 0 1
001094.jpg 0 0 0 1 0 0 1 0 0 1
001095.jpg 0 0 0 1 0 0 0 0 0 1
001096.jpg 0 1 0 1 0 0 0 0 1 0
001097.jpg 1 0 0 0 0 0 1 0 0 1
001098.jpg 0 0 1 0 0 0 1 0 0 0
001099.jpg 0 0 0 1 0 0 1 1 0 1
001100.jpg 0 0 0 1 0 0 0 0 0 1
001101.jpg 0 1 0 1 0 0 0 0 0 0
001102.jpg 0 0 1 0 0 0 0 0 0 1
001103.jpg 1 0 1 0 0 0 1 0 0 1
001104.jpg 0 0 0 1 0 0 0 0 0 0
001105.jpg 0 0 0 1 0 0 0 0 0 1
001106.jpg 0 0 0 1 0 0 1 1 0 1
001107.jpg 0 0 0 0 0 0 0 0 0 1
001108.jpg 0 0 1 0 0 0 1 1 0 1
001109.jpg 0 1 0 1 0 0 0 0 0 0
001110.jpg 0 0 0 0 0 0 0 0 0 1
001111.jpg 0 0 1 0 0 0 0 0 0 1
001112.jpg 0 0 0 0 0 1 0 1 0 0
001113.jpg 0 0 1 0 0 0 0 0 1 1
001114.jpg 0 0 1 0 0 0 1 1 0 1
001115.jpg 0 0 0 0 0 0 0 0 0 1
001116.jpg 0 0 0 0 0 0 0 1 0 1
001117.jpg 0 0 0 1 0 0 0 0 0 1
001118.jpg 0 0 1 0 0 0 0 1 0 1
001119.jpg 0 0 1 0 0 0 1 1 0 0
001120.jpg 0 0 0 1 0 0 0 0 0 1
001121.jpg 0 0 0 0 0 0 0 1 0 1
001122.jpg 0 0 0 0 0 0 0 0 0 0
001123.jpg 0 0 0 1 0 0 0 0 1 0
001124.jpg 1 0 1 0 0 0 0 0 0 1
001125.jpg 0 0 0 0 0 0 1 0 0 1
001126.jpg 0 0 0 0 0 0 0 0 0 1
001127.jpg 0 0 0 1 0 0 1 0 0 0
001128.jpg 0 0 1 0 0 0 1 0 0 1
001129.jpg 0 0 1 0 0 0 0 1 0 1
001130.jpg 0 0 1 0 0 0 0 1 0 1
001131.jpg 0 0 1 0 0 0 1 0 0 0
001132.jpg 0 0 1 0 0 0 0 1 0 1
001133.jpg 0 0 1 0 0 0 0 1 0 1
001134.jpg 0 0 1 0 0 1 0 0 0 1
001135.jpg 1 0 0 0 0 0 1 1 0 0
001136.jpg 0 0 0 1 0 0 0 0 0 1
001137.jpg 0 0 0 1 0 0 1 0 0 0
001138.jpg 0 0 0 0 0 0 0 0 0 1
001139.jpg 0 0 0 1 0 0 0 0 1 1
001140.jpg 0 0 0 1 0 0 0 0 1 1
001141.jpg 1 0 0 0 0 0 0 0 0 1
001142.jpg 0 0 0 0 0 0 0 1 0 0
001143.jpg 0 0 0 1 0 0 0 0 0 1
001144.jpg 0 0 1 0 0 1 0 0 0 1
001145.jpg 0 0 1 0 0 0 1 1 0 1
001146.jpg 1 0 1 0 0 0 0 0 0 1
001147.jpg 1 0 0 1 0 0 1 1 0 1
001148.jpg 0 0 0 0 0 0 1 1 0 1
001149.jpg 0 0 0 1 0 0 1 0 0 0
001150.jpg 0 0 1 0 0 0 1 0 0 1
001151.jpg 0 0 1 0 0 0 0 1 0 1
001152.jpg 0 0 1 0 0 0 1 1 0 1
001153.jpg 0 0 0 0 0 1 1 1 0 0
001154.jpg 0 0 0 0 0 0 0 1 0 1
001155.jpg 0 0 1 0 0 0 0 0 0 1
001156.jpg 0 0 0 0 0 0 1 0 1 1
001157.jpg 0 0 1 0 0 0 0 1 0 1
001158.jpg 1 0 1 0 0 0 1 0 0 1
001159.jpg 0 0 1 0 0 0 0 1 0 1
001160.jpg 0 0 0 1 0 0 0 0 1 0
001161.jpg 0 0 0 1 0 0 1 1 0 1
001162.jpg 0 0 0 1 0 0 0 0 0 1
001163.jpg 0 1 0 1 0 0 1 0 0 1
001164.jpg 1 0 0 1 0 0 0 0 0 1
001165.jpg 1 0 1 0 0 0 0 0 0 1
001166.jpg 0 1 0 1 0 0 0 0 0 0
001167.jpg 0 0 1 0 0 0 1 0 0 1
001168.jpg 1 0 0 1 0 0 1 0 0 1
001169.jpg 1 0 0 1 0 0 0 0 0 1
001170.jpg 0 0 0 1 0 0 0 0 0 1
001171.jpg 1 0 0 1 1 0 0 0 0 0
001172.jpg 1 0 0 0 0 0 0 0 0 1
001173.jpg 1 0 0 1 0 0 1 0 0 0
001174.jpg 0 0 1 0 0 0 1 1 0 1
001175.jpg 0 0 1 0 0 0 1 0 0 1
001176.jpg 0 0 1 0 0 0 1 0 0 1
001177.jpg 1 0 1 1 1 0 1 0 0 1
001178.jpg 1 0 0 0 0 0 0 0 0 1
001179.jpg 0 0 1 0 0 0 1 1 0 0
001180.jpg 1 0 0 1 0 0 0 0 0 1
001181.jpg 0 0 1 0 0 0 0 0 0 1
001182.jpg 0 0 0 1 0 1 0 1 0 1
001183.jpg 0 0 0 0 0 1 0 0 0 1
001184.jpg 0 1 0 0 0 0 0 0 0 1
001185.jpg 1 0 0 1 0 0 0 0 0 0
001186.jpg 0 0 1 0 0 0 1 1 0 1
001187.jpg 0 1 0 1 0 0 1 0 0 0
001188.jpg 0 0 0 0 0 0 0 0 0 1
001189.jpg 0 0 0 1 0 0 0 1 0 0
001190.jpg 0 0 0 1 0 0 0 0 0 1
001191.jpg 1 0 1 0 0 0 1 0 0 1
001192.jpg 0 0 0 1 0 0 0 0 0 1
001193.jpg 0 0 0 1 0 0 1 1 0 1
001194.jpg 0 1 0 0 0 0 0 0 0 0
001195.jpg 0 0 0 0 0 0 0 0 0 1
001196.jpg 0 0 0 1 0 0 1 0 0 1
001197.jpg 0 0 0 1 0 0 0 0 1 1
001198.jpg 0 0 1 0 0 0 1 0 0 1
001199.jpg 1 0 0 1 0 0 0 0 0 0
001200.jpg 0 0 1 0 0 0 1 0 0 1
001201.jpg 1 0 0 1 0 0 0 0 0 1
001202.jpg 1 0 0 0 0 0 1 0 0 1
001203.jpg 1 0 1 0 0 0 1 0 0 1
001204.jpg 0 0 0 1 0 0 1 0 0 1
001205.jpg 1 0 1 0 0 0 1 0 0 1
001206.jpg 0 0 0 1 0 0 1 1 0 1
001207.jpg 0 0 0 1 0 0 1 0 0 1
001208.jpg 0 0 0 1 0 0 0 0 0 0
001209.jpg 0 0 0 1 0 0 0 0 0 0
001210.jpg 0 0 0 1 0 0 0 0 0 1
001211.jpg 0 0 0 0 0 0 0 0 0 1
001212.jpg 0 0 0 0 0 0 1 1 0 1
001213.jpg 0 0 0 1 0 0 0 1 0 0
001214.jpg 0 0 1 0 0 0 1 1 0 1
001215.jpg 0 1 0 1 0 0 1 0 0 0
001216.jpg 1 0 0 1 0 0 0 0 0 1
001217.jpg 1 0 0 1 0 0 1 0 0 1
001218.jpg 0 0 0 0 0 0 0 0 0 1
001219.jpg 0 0 0 0 0 0 0 1 0 0
001220.jpg 0 0 0 1 0 0 0 0 0 1
001221.jpg 0 0 0 0 0 0 1 0 0 1
001222.jpg 1 0 0 1 0 0 0 0 0 1
001223.jpg 0 0 1 0 0 0 0 1 0 1
001224.jpg 0 1 0 1 0 0 1 0 0 1
001225.jpg 0 0 0 1 0 0 0 0 0 1
001226.jpg 0 0 1 0 0 0 1 1 0 1
001227.jpg 0 0 0 0 0 0 0 0 0 1
001228.jpg 0 0 0 1 0 0 1 0 1 0
001229.jpg 0 0 0 1 0 0 1 0 0 1
001230.jpg 0 0 0 1 0 0 1 1 0 1
001231.jpg 1 0 0 1 0 0 0 0 0 1
001232.jpg 1 0 1 0 0 0 1 1 0 1
001233.jpg 0 0 0 0 0 0 0 0 0 0
001234.jpg 0 0 1 0 0 0 1 1 0 1
001235.jpg 0 0 1 0 0 0 1 1 0 1
001236.jpg 0 0 1 0 0 0 1 1 0 1
001237.jpg 0 0 0 1 0 0 1 0 0 0
001238.jpg 1 0 1 0 0 0 0 0 0 1
001239.jpg 0 0 0 1 1 0 1 0 1 0
001240.jpg 0 0 0 1 0 0 0 0 0 0
001241.jpg 0 1 0 1 0 0 0 0 0 0
001242.jpg 0 0 0 1 0 0 0 0 1 1
001243.jpg 0 0 0 1 0 0 0 0 0 0
001244.jpg 0 0 1 0 0 0 1 1 0 0
001245.jpg 0 0 0 1 0 0 0 0 0 1
001246.jpg 0 0 1 0 0 0 0 0 0 1
001247.jpg 1 0 0 1 0 0 1 0 0 1
001248.jpg 1 0 1 0 0 0 1 1 0 1
001249.jpg 1 0 1 0 0 0 1 0 0 1
001250.jpg 1 0 0 1 1 0 0 0 0 1
001251.jpg 0 0 1 0 0 0 0 0 0 1
001252.jpg 0 0 0 1 0 0 0 1 0 1
001253.jpg 1 0 0 1 0 0 1 0 0 1
001254.jpg 0 0 0 0 0 0 1 1 0 1
001255.jpg 0 0 1 0 0 0 0 0 0 1
001256.jpg 0 0 0 1 0 0 0 0 0 1
001257.jpg 0 0 0 1 1 0 1 0 0 0
001258.jpg 0 0 0 1 0 0 1 0 0 0
001259.jpg 0 0 0 1 0 0 0 0 0 0
001260.jpg 0 0 0 1 0 0 1 1 0 1
001261.jpg 0 0 1 0 0 0 1 1 0 1
001262.jpg 0 0 1 0 0 0 0 1 0 1
001263.jpg 1 0 0 1 0 0 0 0 0 1
001264.jpg 1 0 0 1 0 0 0 0 0 1
001265.jpg 0 0 1 0 0 0 0 0 0 1
001266.jpg 1 0 0 1 0 0 1 0 0 1
001267.jpg 0 0 1 0 0 0 0 0 0 1
001268.jpg 0 0 0 0 0 0 1 0 0 1
001269.jpg 0 0 1 0 0 0 0 1 0 1
001270.jpg 0 0 0 1 0 0 0 0 0 0
001271.jpg 0 0 1 0 0 0 1 0 0 0
001272.jpg 0 0 0 1 0 0 0 0 0 1
001273.jpg 0 0 0 1 0 0 0 0 0 1
001274.jpg 0 0 1 0 0 0 0 0 0 1
001275.jpg 0 0 0 1 0 0 0 1 0 0
001276.jpg 0 0 0 1 0 0 0 0 0 1
001277.jpg 0 0 1 0 0 0 0 0 0 0
001278.jpg 0 0 1 0 0 0 1 0 0 1
001279.jpg 1 0 0 1 0 0 0 0 0 1
001280.jpg 0 0 1 0 0 0 1 1 0 1
001281.jpg 0 0 0 1 0 0 1 0 0 0
001282.jpg 0 0 0 0 0 0 1 1 0 1
001283.jpg 0 0 0 1 0 0 0 1 0 1
001284.jpg 0 0 0 0 0 0 1 0 0 1
001285.jpg 0 0 1 0 0 0 0 1 0 1
001286.jpg 0 0 0 1 0 0 0 0 0 1
001287.jpg 0 0 0 0 0 0 1 0 0 0
001288.jpg 1 0 0 1 0 0 1 0 0 1
001289.jpg 0 0 1 0 0 0 0 0 0 1
001290.jpg 0 0 0 1 0 0 0 0 0 1
001291.jpg 0 0 0 1 0 0 1 0 0 0
001292.jpg 0 0 0 0 0 0 0 0 0 1
001293.jpg 0 0 1 0 0 0 1 0 0 1
001294.jpg 1 0 1 0 0 0 1 0 0 1
001295.jpg 0 0 0 0 0 0 1 0 0 1
001296.jpg 0 0 1 0 0 0 1 0 0 1
001297.jpg 1 0 1 0 0 0 0 0 0 1
001298.jpg 0 0 0 0 0 0 0 0 0 1
001299.jpg 0 0 0 1 0 0 0 0 0 1
001300.jpg 0 0 0 0 0 0 1 1 0 1
001301.jpg 0 0 1 0 0 0 1 1 0 0
001302.jpg 1 0 0 1 0 0 0 0 0 0
001303.jpg 0 1 0 0 0 0 0 0 1 1
001304.jpg 0 0 1 0 0 0 1 0 0 1
001305.jpg 0 0 0 0 0 0 0 1 0 0
001306.jpg 1 0 0 0 0 0 0 0 0 1
001307.jpg 0 0 1 0 0 0 0 0 0 1
001308.jpg 0 0 0 1 0 0 1 1 0 1
001309.jpg 0 0 0 1 1 0 1 0 1 1
001310.jpg 0 0 0 1 0 0 1 0 0 0
001311.jpg 1 0 1 0 0 0 0 1 0 1
001312.jpg 0 0 1 0 0 0 1 1 0 1
001313.jpg 1 0 0 0 0 0 1 0 0 1
001314.jpg 0 0 0 1 0 0 1 0 0 0
001315.jpg 0 0 1 0 0 0 1 0 0 1
001316.jpg 1 0 0 1 0 0 1 1 0 1
001317.jpg 1 0 0 0 0 0 0 1 0 1
001318.jpg 0 0 0 0 0 0 1 1 0 0
001319.jpg 0 0 1 0 0 0 1 1 0 1
001320.jpg 1 0 1 0 0 0 0 0 0 1
001321.jpg 0 0 1 0 0 0 1 0 0 1
001322.jpg 0 0 0 1 0 0 0 0 0 1
001323.jpg 1 0 1 0 0 0 1 0 0 1
001324.jpg 0 0 0 1 0 0 0 0 0 1
001325.jpg 0 1 0 1 0 0 0 0 0 1
001326.jpg 1 0 1 0 0 0 0 0 0 1
001327.jpg 0 0 0 1 0 0 0 0 0 1
001328.jpg 0 0 0 0 0 0 0 1 0 0
001329.jpg 1 0 1 0 0 0 1 0 0 1
001330.jpg 0 0 0 0 0 0 0 0 0 1
001331.jpg 1 0 1 0 0 0 1 0 0 1
001332.jpg 0 0 0 0 0 1 0 0 0 1
001333.jpg 0 0 1 0 0 0 0 0 0 1
001334.jpg 0 0 0 0 0 0 0 0 0 1
001335.jpg 0 0 0 1 0 1 0 0 0 1
001336.jpg 0 0 1 0 0 0 0 1 0 1
001337.jpg 0 0 0 1 0 1 1 0 0 1
001338.jpg 0 0 0 1 0 0 0 0 0 0
001339.jpg 0 0 0 1 0 0 0 1 0 1
001340.jpg 0 0 0 1 0 0 0 0 0 0
001341.jpg 0 0 0 0 0 0 0 0 0 0
001342.jpg 0 0 0 1 0 0 1 0 0 1
001343.jpg 0 0 0 1 0 0 0 0 0 1
001344.jpg 0 0 0 0 0 0 0 0 1 1
001345.jpg 0 0 0 1 0 0 1 0 0 1
001346.jpg 0 0 1 0 0 0 0 0 0 1
001347.jpg 0 0 0 0 0 0 1 0 0 1
001348.jpg 0 0 1 0 0 0 1 1 0 1
001349.jpg 0 0 1 0 0 0 1 0 0 1
001350.jpg 1 0 0 0 0 0 0 0 0 1
001351.jpg 0 1 0 1 0 0 1 0 0 1
001352.jpg 1 1 0 1 0 0 0 0 0 0
001353.jpg 0 0 1 0 0 0 0 1 0 1
001354.jpg 0 0 0 1 0 0 0 0 0 1
001355.jpg 0 0 0 0 0 0 0 1 1 1
001356.jpg 0 0 0 1 0 0 0 0 0 0
001357.jpg 0 0 0 1 0 0 1 0 0 1
001358.jpg 0 0 0 1 0 0 0 0 0 1
001359.jpg 0 0 1 0 0 0 1 1 0 1
001360.jpg 1 0 1 0 0 0 1 0 0 1
001361.jpg 0 0 1 0 0 0 1 0 0 1
001362.jpg 1 0 1 0 0 0 1 1 0 1
001363.jpg 0 0 1 0 0 0 0 1 0 1
001364.jpg 0 0 0 0 0 0 0 1 0 1
001365.jpg 1 0 1 0 0 0 0 0 0 1
001366.jpg 0 0 1 0 0 0 0 1 0 1
001367.jpg 0 0 1 0 0 0 1 0 0 1
001368.jpg 0 0 0 1 0 0 0 0 0 1
001369.jpg 0 0 0 1 0 1 1 0 0 1
001370.jpg 0 0 0 1 0 0 1 0 0 1
001371.jpg 0 0 0 0 0 0 0 0 0 1
001372.jpg 0 0 0 1 1 0 1 0 0 0
001373.jpg 0 0 1 0 0 0 1 0 0 1
001374.jpg 0 0 1 0 0 0 0 1 0 1
001375.jpg 0 0 1 0 0 0 1 1 0 1
001376.jpg 0 0 1 0 0 0 1 0 0 1
001377.jpg 1 0 1 0 0 0 0 0 0 1
001378.jpg 0 0 1 0 0 0 0 1 0 1
001379.jpg 0 0 0 0 0 0 0 0 0 1
001380.jpg 1 0 0 0 0 0 1 0 0 1
001381.jpg 0 0 0 1 0 0 0 0 0 1
001382.jpg 0 0 1 0 0 0 0 1 0 1
001383.jpg 0 0 0 1 0 0 1 0 0 1
001384.jpg 1 0 1 0 0 1 0 1 0 1
001385.jpg 1 0 0 0 0 0 0 1 0 1
001386.jpg 1 0 1 1 0 0 1 0 0 1
001387.jpg 0 0 0 0 0 0 0 1 0 0
001388.jpg 0 0 0 1 0 0 0 0 0 1
001389.jpg 0 0 0 0 0 0 1 0 0 1
001390.jpg 0 0 1 0 0 0 1 1 0 1
001391.jpg 0 0 1 0 0 0 1 1 0 1
001392.jpg 0 0 1 0 0 0 1 0 0 1
001393.jpg 0 0 0 1 0 0 1 0 0 0
001394.jpg 1 0 0 1 0 0 1 0 0 1
001395.jpg 0 0 0 0 0 0 0 0 0 1
001396.jpg 0 0 0 1 1 0 0 0 0 1
001397.jpg 1 0 1 0 0 0 0 1 0 1
001398.jpg 0 0 0 1 0 0 1 0 0 1
001399.jpg 1 0 0 1 0 0 1 0 0 0
001400.jpg 0 1 0 1 0 1 0 0 0 0
001401.jpg 0 1 0 1 0 0 0 0 0 0
001402.jpg 1 0 1 0 0 0 1 1 0 1
001403.jpg 0 0 0 0 0 1 0 1 0 1
001404.jpg 0 0 0 0 0 0 0 0 0 1
001405.jpg 0 0 1 0 0 0 1 0 0 1
001406.jpg 0 0 1 0 0 0 0 1 0 1
001407.jpg 1 0 0 0 0 1 1 1 0 1
001408.jpg 0 0 0 1 0 0 1 1 0 1
001409.jpg 0 0 1 0 0 0 1 0 0 1
001410.jpg 0 0 1 0 0 0 0 1 0 1
001411.jpg 0 0 1 0 0 0 1 1 0 1
001412.jpg 0 0 1 0 0 0 0 1 0 1
001413.jpg 0 0 0 1 0 0 0 1 0 1
001414.jpg 0 0 0 1 0 0 0 0 0 1
001415.jpg 0 0 1 0 0 0 0 0 0 1
001416.jpg 1 0 1 0 0 0 0 0 0 1
001417.jpg 0 0 0 1 0 0 1 1 0 1
001418.jpg 0 0 0 1 0 0 0 0 0 1
001419.jpg 0 0 1 0 0 0 1 1 0 0
001420.jpg 0 0 0 1 1 0 1 0 0 0
001421.jpg 0 0 0 0 0 0 0 0 0 1
001422.jpg 0 0 1 0 0 0 1 1 0 1
001423.jpg 1 0 0 1 0 0 1 0 0 1
001424.jpg 0 0 0 1 0 0 1 0 0 0
001425.jpg 0 0 1 0 0 0 1 1 0 1
001426.jpg 1 0 1 0 0 0 0 0 0 1
001427.jpg 0 0 0 1 0 0 0 0 0 1
001428.jpg 0 0 1 0 0 0 0 0 0 1
001429.jpg 0 0 1 0 0 0 0 0 0 1
001430.jpg 0 0 1 0 0 1 0 0 0 1
001431.jpg 0 0 1 0 0 0 0 0 1 1
001432.jpg 0 0 0 1 0 0 1 1 0 0
001433.jpg 1 0 0 0 0 0 1 0 0 0
001434.jpg 0 0 1 0 0 0 1 1 0 1
001435.jpg 1 1 0 1 0 0 1 0 0 0
001436.jpg 0 0 1 0 0 0 0 1 0 1
001437.jpg 0 0 0 0 0 0 0 0 0 1
001438.jpg 0 0 0 0 0 0 0 0 0 1
001439.jpg 0 0 0 1 0 0 0 0 0 0
001440.jpg 0 0 0 1 0 0 0 0 0 1
001441.jpg 0 1 0 1 1 0 0 0 1 1
001442.jpg 0 0 1 0 0 0 0 1 1 1
001443.jpg 0 0 0 0 0 0 0 0 0 1
001444.jpg 1 1 0 1 0 0 0 0 0 1
001445.jpg 0 0 0 1 0 0 0 0 1 1
001446.jpg 0 0 1 0 0 0 0 1 0 1
001447.jpg 0 0 0 0 0 0 0 0 0 1
001448.jpg 0 0 1 0 0 0 0 0 0 1
001449.jpg 1 0 1 0 0 0 1 0 0 1
001450.jpg 0 0 0 1 0 0 1 0 0 1
001451.jpg 0 0 0 1 0 0 1 0 0 1
001452.jpg 0 0 0 1 0 0 0 0 0 1
001453.jpg 0 0 0 1 0 0 1 1 0 0
001454.jpg 0 0 1 0 0 0 0 1 0 1
001455.jpg 0 0 1 0 0 0 1 1 0 0
001456.jpg 1 0 0 1 0 0 0 0 0 1
001457.jpg 1 1 0 1 0 0 0 0 0 1
001458.jpg 1 0 0 1 1 0 0 0 0 0
001459.jpg 0 0 1 0 0 0 0 1 0 1
001460.jpg 0 0 1 0 0 0 1 0 0 1
001461.jpg 0 0 0 0 0 0 1 0 1 1
001462.jpg 0 0 1 0 0 0 1 1 0 1
001463.jpg 0 0 0 1 0 0 1 0 0 1
001464.jpg 1 0 0 1 0 0 0 0 0 1
001465.jpg 0 0 1 0 0 0 1 1 0 1
001466.jpg 0 0 1 0 0 0 0 0 0 1
001467.jpg 1 0 0 1 0 0 1 0 0 1
001468.jpg 0 0 0 1 0 0 0 1 1 1
001469.jpg 0 0 1 0 0 0 0 0 0 1
001470.jpg 1 1 0 1 0 0 1 0 0 1
001471.jpg 0 1 0 1 0 0 0 0 0 1
001472.jpg 0 0 1 0 0 0 0 1 0 1
001473.jpg 0 0 1 0 0 0 0 0 0 1
001474.jpg 1 0 0 1 1 0 0 0 0 1
001475.jpg 0 0 1 0 0 0 1 1 0 1
001476.jpg 0 0 0 1 0 0 1 0 0 0
001477.jpg 1 0 0 1 0 0 1 0 0 1
001478.jpg 0 0 0 0 0 0 0 0 0 1
001479.jpg 1 0 1 0 0 0 1 1 0 1
001480.jpg 0 0 1 0 0 0 1 1 0 1
001481.jpg 1 0 1 0 0 0 1 0 0 1
001482.jpg 0 0 1 0 0 0 0 1 0 1
001483.jpg 0 0 0 1 0 0 0 0 0 0
001484.jpg 0 0 0 0 0 0 0 1 0 1
001485.jpg 0 0 0 1 0 0 1 0 1 0
001486.jpg 0 0 1 0 0 0 0 1 0 1
001487.jpg 1 0 1 0 0 0 0 0 0 1
001488.jpg 0 0 1 0 0 0 1 0 0 1
001489.jpg 0 0 0 1 0 0 0 0 0 1
001490.jpg 1 0 0 1 0 0 1 0 0 1
001491.jpg 0 0 1 0 0 0 1 0 0 1
001492.jpg 1 0 0 0 0 0 1 0 0 1
001493.jpg 0 0 0 0 0 0 1 0 0 1
001494.jpg 0 0 0 0 0 0 0 0 0 1
001495.jpg 0 0 0 0 0 0 0 1 0 1
001496.jpg 0 0 1 0 0 0 0 0 0 1
001497.jpg 0 0 1 0 0 0 1 1 0 1
001498.jpg 0 0 1 0 0 0 1 1 0 0
001499.jpg 0 0 0 0 0 0 0 0 0 1
001500.jpg 0 0 0 0 0 0 1 0 0 1
001501.jpg 0 0 0 1 0 0 1 0 0 1
001502.jpg 0 0 1 0 0 0 1 0 0 1
001503.jpg 0 0 1 0 0 0 1 0 0 1
001504.jpg 0 0 1 0 0 0 1 0 0 1
001505.jpg 0 0 0 0 0 0 0 0 0 1
001506.jpg 0 1 0 1 0 0 1 0 0 0
001507.jpg 0 0 1 0 0 0 0 0 0 1
001508.jpg 0 0 1 0 0 0 0 0 0 1
001509.jpg 0 0 1 0 0 0 1 1 0 1
001510.jpg 1 0 1 0 0 0 0 1 0 1
001511.jpg 0 1 0 0 0 0 0 0 0 1
001512.jpg 1 0 0 0 0 0 0 1 0 1
001513.jpg 1 0 0 1 0 0 1 1 0 0
001514.jpg 1 0 0 1 0 0 0 0 0 1
001515.jpg 0 0 0 1 0 0 0 0 0 0
001516.jpg 0 0 1 0 0 0 1 1 0 0
001517.jpg 1 0 0 1 0 0 1 0 0 1
001518.jpg 0 0 1 0 0 0 1 0 0 1
001519.jpg 0 0 0 1 0 0 0 0 0 0
001520.jpg 0 0 0 0 0 0 0 0 0 1
001521.jpg 0 0 1 0 0 0 1 1 0 1
001522.jpg 0 0 1 0 0 0 1 1 0 1
001523.jpg 0 0 0 0 0 0 0 1 0 0
001524.jpg 0 0 0 1 0 0 0 1 0 1
001525.jpg 0 0 1 0 0 0 1 1 0 1
001526.jpg 1 0 0 1 0 0 1 0 0 1
001527.jpg 1 0 0 1 0 0 0 0 0 1
001528.jpg 0 0 0 1 0 0 0 0 0 1
001529.jpg 1 1 0 1 1 0 0 0 0 0
001530.jpg 0 0 0 1 0 0 0 1 0 1
001531.jpg 0 0 0 1 0 0 1 0 0 0
001532.jpg 0 0 1 0 0 0 1 1 0 1
001533.jpg 0 0 0 1 0 0 0 0 0 0
001534.jpg 1 0 0 1 0 0 0 1 0 1
001535.jpg 0 0 1 0 0 0 1 1 0 1
001536.jpg 0 0 0 0 0 0 1 0 0 1
001537.jpg 0 0 1 0 0 0 1 1 0 1
001538.jpg 1 0 0 1 0 0 0 0 0 1
001539.jpg 0 0 0 1 0 0 0 0 0 1
001540.jpg 0 0 0 1 1 0 0 0 0 1
001541.jpg 0 0 0 1 0 0 0 0 0 1
001542.jpg 0 0 1 0 0 0 0 1 0 1
001543.jpg 0 0 0 1 1 0 1 0 0 0
001544.jpg 1 0 0 0 0 0 1 0 0 0
001545.jpg 0 0 0 1 0 0 0 1 0 1
001546.jpg 0 0 1 0 0 0 0 1 0 1
001547.jpg 1 0 0 1 0 0 0 1 0 0
001548.jpg 0 0 1 0 0 0 1 1 0 1
001549.jpg 0 0 1 0 0 0 1 1 0 1
001550.jpg 1 0 0 1 1 0 1 0 0 1
001551.jpg 0 0 0 0 0 0 0 0 0 1
001552.jpg 1 0 1 0 0 0 1 0 0 1
001553.jpg 0 0 1 0 0 0 0 1 0 1
001554.jpg 0 1 0 1 1 0 0 0 0 0
001555.jpg 0 1 0 1 0 0 0 0 0 1
001556.jpg 1 0 0 1 0 0 1 1 0 0
001557.jpg 1 1 0 1 0 0 1 0 0 1
001558.jpg 1 0 0 1 0 0 1 0 0 1
001559.jpg 1 1 1 0 0 0 1 1 0 1
001560.jpg 0 0 1 0 0 0 1 0 0 1
001561.jpg 0 0 0 0 0 0 1 0 1 1
001562.jpg 1 0 0 1 0 0 0 0 0 1
001563.jpg 0 0 0 1 0 0 1 1 0 0
001564.jpg 0 0 1 0 0 0 1 0 0 1
001565.jpg 0 0 0 1 1 0 0 0 0 1
001566.jpg 0 0 0 0 0 0 1 0 0 0
001567.jpg 0 0 1 0 0 0 1 1 0 1
001568.jpg 0 0 1 0 0 0 1 0 0 1
001569.jpg 0 0 1 0 0 0 0 0 0 1
001570.jpg 0 0 1 0 0 0 1 0 0 1
001571.jpg 0 0 0 1 1 0 0 0 0 1
001572.jpg 1 0 1 0 0 0 0 0 0 0
001573.jpg 0 0 0 1 0 0 1 0 0 0
001574.jpg 0 0 1 0 0 0 1 1 0 1
001575.jpg 0 0 1 0 0 0 1 1 0 1
001576.jpg 0 0 1 0 0 0 1 0 0 1
001577.jpg 0 0 0 1 0 0 1 0 0 0
001578.jpg 0 0 0 1 1 0 0 0 0 1
001579.jpg 0 0 1 0 0 0 0 0 0 1
001580.jpg 1 0 0 1 0 0 1 0 0 1
001581.jpg 0 0 0 1 0 0 0 0 0 1
001582.jpg 1 0 0 1 0 0 0 0 0 1
001583.jpg 1 0 0 1 0 0 0 0 0 1
001584.jpg 1 0 1 0 0 0 0 0 0 1
001585.jpg 0 0 1 0 0 0 0 1 0 1
001586.jpg 1 0 0 1 1 0 0 0 0 1
001587.jpg 0 0 0 0 0 0 0 1 0 0
001588.jpg 1 0 0 1 0 0 1 1 0 1
001589.jpg 0 0 0 1 0 0 1 1 0 1
001590.jpg 1 0 1 0 0 0 0 0 0 1
001591.jpg 1 0 0 1 0 0 0 0 0 1
001592.jpg 0 0 0 0 0 0 0 0 0 0
001593.jpg 0 0 1 0 0 0 1 0 0 1
001594.jpg 0 0 0 0 0 0 0 1 0 0
001595.jpg 0 0 1 0 0 0 1 0 0 1
001596.jpg 1 0 0 1 0 0 0 0 0 1
001597.jpg 0 0 1 0 0 0 0 1 0 0
001598.jpg 0 1 0 1 0 0 1 1 0 0
001599.jpg 1 0 0 1 0 0 0 0 0 1
001600.jpg 0 0 1 0 0 1 1 0 0 1
001601.jpg 0 0 0 1 0 0 0 1 0 1
001602.jpg 0 0 1 0 0 0 0 0 0 1
001603.jpg 0 0 1 0 0 0 0 1 0 1
001604.jpg 0 0 0 0 0 0 0 0 0 0
001605.jpg 1 0 0 1 1 0 1 0 0 1
001606.jpg 0 1 0 1 0 0 0 1 0 1
001607.jpg 0 0 1 0 0 0 1 1 0 0
001608.jpg 0 1 0 0 0 0 1 1 0 1
001609.jpg 0 0 0 0 0 0 0 0 0 1
001610.jpg 0 0 1 0 0 0 0 0 0 1
001611.jpg 0 0 0 1 0 0 1 0 1 1
001612.jpg 1 0 1 0 0 0 1 1 0 1
001613.jpg 0 1 0 1 0 0 0 0 1 0
001614.jpg 0 0 0 0 0 0 1 0 0 1
001615.jpg 0 0 0 1 0 0 1 0 0 1
001616.jpg 0 1 0 1 0 0 0 0 0 1
001617.jpg 0 0 0 1 0 0 1 0 0 1
001618.jpg 0 0 0 0 0 0 0 0 0 1
001619.jpg 0 0 1 0 0 0 1 1 0 1
001620.jpg 0 0 0 0 0 0 1 0 0 1
001621.jpg 0 0 1 0 0 0 1 1 0 1
001622.jpg 1 0 1 0 0 0 0 1 0 1
001623.jpg 1 0 0 1 1 0 0 1 0 0
001624.jpg 1 0 1 0 0 0 1 1 0 1
001625.jpg 0 0 0 1 0 0 1 0 0 0
001626.jpg 1 0 1 0 0 0 0 0 0 1
001627.jpg 1 0 0 1 0 0 0 1 0 1
001628.jpg 0 0 1 0 0 0 1 0 0 1
001629.jpg 0 0 1 0 0 0 0 0 0 1
001630.jpg 0 0 0 1 0 0 0 0 1 1
001631.jpg 0 0 1 0 0 0 0 1 0 1
001632.jpg 1 0 0 1 0 0 0 0 0 1
001633.jpg 1 0 0 1 0 0 0 0 0 1
001634.jpg 0 0 0 1 0 0 1 0 0 0
001635.jpg 0 0 0 0 0 0 1 0 0 1
001636.jpg 0 0 0 1 0 0 1 0 0 1
001637.jpg 1 0 0 0 0 0 1 0 0 1
001638.jpg 1 0 1 0 0 0 0 0 0 1
001639.jpg 0 0 0 0 0 0 1 0 0 1
001640.jpg 1 0 0 1 0 0 0 0 0 1
001641.jpg 0 0 1 0 0 0 1 0 0 1
001642.jpg 0 0 0 0 0 0 0 0 0 1
001643.jpg 0 0 1 0 0 0 0 0 0 1
001644.jpg 0 0 1 0 0 0 1 0 0 1
001645.jpg 0 0 1 0 0 0 0 1 0 1
001646.jpg 0 0 0 1 0 0 0 0 1 0
001647.jpg 0 0 1 0 0 0 0 1 0 1
001648.jpg 0 0 1 0 0 0 0 1 0 1
001649.jpg 1 0 0 0 0 0 1 0 0 1
001650.jpg 0 0 1 0 0 0 0 1 0 1
001651.jpg 0 0 0 0 0 1 0 1 0 1
001652.jpg 0 1 0 1 0 0 0 0 0 0
001653.jpg 0 0 0 0 0 0 0 0 0 1
001654.jpg 0 0 0 1 0 0 0 0 0 1
001655.jpg 0 0 0 1 0 0 1 0 0 0
001656.jpg 0 0 0 1 0 0 1 0 0 0
001657.jpg 0 0 0 1 0 1 0 0 0 1
001658.jpg 0 0 0 0 0 0 1 1 0 1
001659.jpg 0 0 0 1 0 0 1 1 0 1
001660.jpg 0 0 1 0 0 0 1 0 0 1
001661.jpg 0 0 0 1 0 0 0 0 0 0
001662.jpg 0 0 1 0 0 0 0 1 0 1
001663.jpg 0 0 1 0 0 0 1 1 0 1
001664.jpg 0 0 1 0 0 0 0 1 0 1
001665.jpg 0 0 1 0 0 0 1 1 0 1
001666.jpg 1 0 0 1 0 0 1 0 0 1
001667.jpg 0 0 0 0 0 0 1 1 0 0
001668.jpg 0 0 1 0 0 0 1 1 0 1
001669.jpg 0 0 0 1 1 0 0 0 0 0
001670.jpg 0 0 1 0 0 0 0 1 0 1
001671.jpg 0 0 0 0 0 0 1 0 0 1
001672.jpg 0 0 1 0 0 1 1 1 0 1
001673.jpg 0 0 1 0 0 0 1 1 0 0
001674.jpg 0 0 0 0 0 0 0 0 1 1
001675.jpg 0 1 0 0 0 0 0 1 0 1
001676.jpg 1 0 1 0 0 0 1 1 0 1
001677.jpg 1 0 0 1 1 1 0 1 0 1
001678.jpg 1 0 0 1 0 0 0 0 0 0
001679.jpg 0 0 0 1 0 0 0 1 0 0
001680.jpg 0 0 1 0 0 0 0 0 0 1
001681.jpg 0 0 0 0 0 0 0 0 0 1
001682.jpg 1 0 1 0 0 0 1 1 0 0
001683.jpg 0 0 1 0 0 0 1 1 0 1
001684.jpg 0 0 0 1 0 0 1 0 0 1
001685.jpg 0 0 1 0 0 0 0 1 0 1
001686.jpg 0 0 1 0 0 0 0 1 0 1
001687.jpg 0 0 1 0 0 0 0 1 0 1
001688.jpg 0 0 0 0 0 0 0 0 0 1
001689.jpg 1 0 0 1 0 0 0 0 0 1
001690.jpg 1 1 0 1 0 0 1 0 0 1
001691.jpg 0 0 0 0 0 0 0 0 1 1
001692.jpg 0 0 0 1 0 0 0 1 0 1
001693.jpg 1 0 0 1 0 0 0 0 0 1
001694.jpg 0 0 0 0 0 0 1 0 0 0
001695.jpg 0 0 1 0 0 0 0 1 0 1
001696.jpg 0 0 0 0 0 0 1 1 0 1
001697.jpg 0 0 1 0 0 0 1 1 0 1
001698.jpg 1 0 0 0 0 0 1 0 0 1
001699.jpg 0 0 0 1 0 1 0 0 0 1
001700.jpg 0 0 1 0 0 0 1 1 0 0
001701.jpg 0 0 0 1 1 0 0 0 0 0
001702.jpg 0 0 1 0 0 0 0 0 0 1
001703.jpg 0 1 0 1 0 0 0 0 0 0
001704.jpg 1 0 0 0 0 0 0 0 0 1
001705.jpg 0 0 1 0 0 0 0 0 0 1
001706.jpg 0 0 0 1 0 0 1 0 0 1
001707.jpg 0 0 0 0 0 0 1 0 0 1
001708.jpg 0 0 1 0 0 0 1 1 0 1
001709.jpg 0 0 1 0 0 0 1 0 0 1
001710.jpg 0 0 0 0 0 0 1 0 0 1
001711.jpg 0 0 0 1 0 0 0 0 0 0
001712.jpg 0 0 0 1 0 0 0 1 0 0
001713.jpg 1 0 0 0 0 0 0 0 0 1
001714.jpg 0 0 1 0 0 0 1 1 0 1
001715.jpg 1 0 0 1 0 0 1 0 0 1
001716.jpg 1 0 0 1 0 0 0 0 0 0
001717.jpg 0 0 0 1 0 0 0 0 0 0
001718.jpg 1 0 1 0 0 0 0 1 0 1
001719.jpg 0 0 1 0 0 0 1 1 0 1
001720.jpg 0 0 0 0 0 0 1 0 0 1
001721.jpg 0 1 0 1 0 0 1 0 0 1
001722.jpg 0 0 0 1 0 0 0 0 1 0
001723.jpg 1 0 0 1 0 0 0 0 0 1
001724.jpg 0 0 0 0 0 0 1 0 0 1
001725.jpg 0 0 0 0 0 0 1 0 0 1
001726.jpg 0 0 1 0 0 0 1 0 0 1
001727.jpg 1 0 1 0 0 0 1 0 0 1
001728.jpg 1 1 0 1 0 0 0 0 0 0
001729.jpg 0 0 0 1 0 0 0 1 0 1
001730.jpg 1 0 0 1 0 0 1 1 0 1
001731.jpg 0 0 1 0 0 0 0 1 0 1
001732.jpg 0 0 1 0 0 0 1 1 0 1
001733.jpg 0 0 1 0 0 0 0 1 0 1
001734.jpg 1 0 0 0 0 0 0 0 0 1
001735.jpg 0 0 0 1 0 0 0 0 1 1
001736.jpg 0 1 0 0 0 0 1 1 0 1
001737.jpg 0 0 1 0 0 0 1 0 0 1
001738.jpg 0 0 0 1 0 0 0 0 0 0
001739.jpg 0 0 1 0 0 0 1 1 0 1
001740.jpg 1 0 0 1 0 0 1 0 0 0
001741.jpg 0 1 0 1 0 0 1 0 0 0
001742.jpg 0 0 0 1 0 0 1 0 0 0
001743.jpg 1 0 1 0 0 0 0 0 0 1
001744.jpg 0 0 1 0 0 0 0 1 0 1
001745.jpg 0 0 0 0 0 0 0 0 0 1
001746.jpg 0 0 1 0 0 0 1 0 0 1
001747.jpg 0 0 1 0 0 0 1 1 0 1
001748.jpg 0 0 1 0 0 0 1 0 0 0
001749.jpg 1 0 0 1 0 0 0 0 0 0
001750.jpg 0 0 0 1 0 0 0 0 0 0
001751.jpg 0 0 1 0 0 0 1 1 0 1
001752.jpg 0 0 1 0 0 0 0 0 1 1
001753.jpg 0 0 0 0 0 0 1 0 0 0
001754.jpg 0 1 0 1 0 0 0 0 0 0
001755.jpg 0 1 0 0 0 0 1 0 0 0
001756.jpg 1 1 0 0 0 0 1 0 0 1
001757.jpg 0 0 0 1 0 0 1 0 0 0
001758.jpg 1 0 0 1 0 0 1 0 0 1
001759.jpg 0 0 0 1 0 0 0 0 0 0
001760.jpg 1 0 1 0 0 0 1 1 0 1
001761.jpg 1 0 0 1 0 0 0 0 0 0
001762.jpg 0 0 0 0 0 0 1 0 0 1
001763.jpg 0 0 0 1 0 0 0 0 0 1
001764.jpg 0 0 0 0 0 0 1 0 0 1
001765.jpg 0 0 0 1 0 0 0 1 0 1
001766.jpg 0 0 0 1 0 0 1 0 0 1
001767.jpg 1 0 0 1 0 0 0 0 0 1
001768.jpg 0 0 1 0 0 0 0 1 0 1
001769.jpg 1 0 1 0 0 0 0 0 0 1
001770.jpg 0 0 1 0 0 0 1 0 0 1
001771.jpg 0 0 1 0 0 0 1 1 0 1
001772.jpg 0 0 1 0 0 0 1 0 0 1
001773.jpg 0 0 0 1 0 0 0 0 1 0
001774.jpg 0 0 1 0 0 0 0 1 0 1
001775.jpg 0 0 0 1 0 0 1 0 0 1
001776.jpg 0 0 0 0 0 0 1 0 0 1
001777.jpg 0 0 1 0 0 0 1 1 0 1
001778.jpg 0 0 0 0 0 0 0 0 0 1
001779.jpg 0 0 1 0 0 0 1 0 0 1
001780.jpg 0 0 0 1 0 0 0 0 0 1
001781.jpg 0 0 0 1 0 0 1 0 0 0
001782.jpg 1 0 0 1 1 0 0 0 0 1
001783.jpg 0 0 1 0 0 0 0 1 0 1
001784.jpg 0 0 0 0 0 0 0 0 0 1
001785.jpg 0 0 0 0 0 1 0 0 0 1
001786.jpg 0 0 1 0 0 0 0 1 0 1
001787.jpg 0 0 1 0 0 0 1 0 0 1
001788.jpg 0 0 0 1 0 0 0 0 0 1
001789.jpg 0 0 1 0 0 0 1 1 0 1
001790.jpg 1 0 0 1 0 0 0 1 0 1
001791.jpg 1 0 0 1 1 0 0 0 0 1
001792.jpg 0 0 0 1 0 1 0 0 0 1
001793.jpg 0 0 1 0 0 0 1 0 0 1
001794.jpg 0 1 0 0 0 0 0 0 0 1
001795.jpg 1 0 1 0 0 0 1 0 0 1
001796.jpg 1 0 0 0 0 0 0 1 0 1
001797.jpg 1 0 0 1 0 0 1 0 0 1
001798.jpg 0 0 1 0 0 0 0 0 0 1
001799.jpg 0 1 0 1 0 0 0 0 0 1
001800.jpg 1 0 0 1 1 0 1 0 0 1
001801.jpg 0 0 0 1 0 0 0 0 0 1
001802.jpg 0 0 1 0 0 0 0 0 0 1
001803.jpg 1 0 0 1 0 0 0 0 0 1
001804.jpg 0 0 0 1 0 0 0 0 0 1
001805.jpg 0 0 0 0 0 0 0 0 0 1
001806.jpg 0 0 1 0 0 0 1 1 0 1
001807.jpg 0 0 1 0 0 0 1 0 0 1
001808.jpg 0 0 0 1 0 0 0 0 0 1
001809.jpg 0 0 1 0 0 1 0 0 0 1
001810.jpg 0 0 1 0 0 0 0 1 0 1
001811.jpg 1 0 0 0 0 0 1 0 0 1
001812.jpg 0 0 1 0 0 0 1 1 0 1
001813.jpg 0 0 0 1 0 0 0 0 0 1
001814.jpg 0 0 0 1 0 0 1 1 0 0
001815.jpg 1 0 0 1 0 0 1 0 0 1
001816.jpg 0 0 0 0 0 0 1 1 0 1
001817.jpg 0 0 1 0 0 0 1 0 0 1
001818.jpg 0 0 1 0 0 0 1 1 0 1
001819.jpg 0 0 0 1 0 0 0 0 0 0
001820.jpg 0 0 1 0 0 0 1 0 0 1
001821.jpg 0 0 0 0 0 1 0 0 0 1
001822.jpg 0 0 0 1 0 0 0 0 1 0
001823.jpg 0 0 0 0 0 0 0 0 0 0
001824.jpg 0 0 1 0 0 0 1 1 0 1
001825.jpg 0 0 0 0 0 0 1 1 0 1
001826.jpg 0 0 0 1 0 0 0 0 0 1
001827.jpg 0 0 0 0 0 0 0 0 0 1
001828.jpg 0 0 1 0 0 0 1 1 0 1
001829.jpg 1 0 1 0 0 0 1 0 0 1
001830.jpg 0 0 0 1 0 0 0 0 0 0
001831.jpg 0 1 0 1 0 0 0 1 0 1
001832.jpg 0 0 0 1 0 0 0 0 0 1
001833.jpg 0 0 0 1 0 0 0 1 0 0
001834.jpg 0 0 0 0 0 0 1 1 0 1
001835.jpg 0 0 0 1 0 0 0 0 0 1
001836.jpg 0 0 1 0 0 0 1 0 0 1
001837.jpg 1 0 0 1 0 0 0 0 0 1
001838.jpg 1 0 0 1 0 0 1 0 0 1
001839.jpg 0 0 0 1 0 0 0 0 1 1
001840.jpg 1 0 0 0 0 0 1 0 0 1
001841.jpg 1 0 0 1 0 0 0 1 0 1
001842.jpg 0 0 0 1 1 0 0 1 0 1
001843.jpg 0 0 1 0 0 0 0 0 0 1
001844.jpg 0 0 1 0 0 0 1 0 0 1
001845.jpg 0 0 0 1 0 0 0 0 1 1
001846.jpg 0 0 0 1 0 0 0 0 0 0
001847.jpg 0 0 1 0 0 0 1 0 0 1
001848.jpg 1 0 0 1 0 0 1 1 0 1
001849.jpg 1 0 0 0 0 1 0 1 0 1
001850.jpg 1 0 1 0 0 0 0 0 0 1
001851.jpg 0 0 0 0 0 0 1 0 0 1
001852.jpg 0 0 0 1 0 0 1 0 0 1
001853.jpg 0 0 0 0 0 0 0 0 0 1
001854.jpg 0 0 0 1 0 0 0 0 0 0
001855.jpg 0 0 0 1 0 0 1 1 0 1
001856.jpg 0 0 1 0 0 0 1 1 0 1
001857.jpg 1 0 0 1 0 0 0 1 0 1
001858.jpg 0 0 1 0 0 0 0 0 0 1
001859.jpg 0 0 0 1 0 0 0 1 0 0
001860.jpg 1 0 1 0 0 0 1 1 0 1
001861.jpg 0 0 1 0 0 0 0 1 0 1
001862.jpg 1 0 0 0 0 0 0 1 0 1
001863.jpg 0 0 0 0 0 0 1 0 0 1
001864.jpg 0 0 1 0 0 0 1 0 0 1
001865.jpg 0 0 1 0 0 0 0 0 0 1
001866.jpg 0 0 0 1 0 0 0 0 0 0
001867.jpg 0 0 0 1 0 0 1 1 0 1
001868.jpg 0 0 0 0 0 0 0 0 0 1
001869.jpg 0 0 0 0 0 0 0 0 0 1
001870.jpg 0 0 0 1 0 0 1 0 0 1
001871.jpg 0 0 0 0 0 0 0 1 0 1
001872.jpg 0 0 0 0 0 0 1 0 0 1
001873.jpg 0 0 0 0 0 0 0 0 0 1
001874.jpg 1 0 0 1 0 0 1 0 0 1
001875.jpg 1 0 0 1 0 1 0 1 0 1
001876.jpg 0 0 0 1 0 0 0 0 1 1
001877.jpg 1 0 1 0 0 1 0 0 0 1
001878.jpg 0 0 0 1 0 0 0 0 0 0
001879.jpg 0 0 0 1 0 0 1 0 0 1
001880.jpg 0 0 0 0 0 0 0 0 0 1
001881.jpg 0 0 1 0 0 0 1 0 0 1
001882.jpg 0 0 0 1 0 0 1 0 0 0
001883.jpg 0 0 1 0 0 0 0 0 0 1
001884.jpg 0 0 0 0 0 0 0 0 0 0
001885.jpg 1 0 0 1 0 0 1 0 0 1
001886.jpg 0 0 1 0 0 0 1 1 0 1
001887.jpg 0 0 1 0 0 0 0 1 0 1
001888.jpg 1 0 0 1 0 0 0 0 0 1
001889.jpg 0 0 0 1 0 0 0 0 0 1
001890.jpg 0 0 0 1 0 0 0 0 0 0
001891.jpg 0 0 1 0 0 0 0 0 0 1
001892.jpg 0 0 0 0 0 0 0 0 0 1
001893.jpg 1 0 0 1 0 0 1 0 0 1
001894.jpg 1 0 0 0 0 0 0 0 0 1
001895.jpg 0 1 0 1 0 0 0 1 0 0
001896.jpg 1 0 0 1 0 0 0 0 0 0
001897.jpg 0 0 0 1 0 0 0 0 0 1
001898.jpg 0 0 1 0 0 0 1 1 0 1
001899.jpg 0 0 0 0 0 0 1 0 0 0
001900.jpg 0 0 0 1 0 0 0 0 0 1
001901.jpg 0 0 0 0 0 0 1 1 0 1
001902.jpg 1 0 1 0 0 0 1 0 0 1
001903.jpg 0 0 1 0 0 0 0 1 0 1
001904.jpg 0 0 0 1 0 0 1 0 0 1
001905.jpg 0 0 0 1 1 0 0 0 0 0
001906.jpg 0 0 1 0 0 0 1 1 0 1
001907.jpg 0 0 0 1 0 0 1 0 0 0
001908.jpg 0 0 1 0 0 1 1 0 0 1
001909.jpg 0 0 1 0 0 0 0 0 0 1
001910.jpg 0 0 0 0 0 0 0 0 0 1
001911.jpg 0 0 0 1 0 0 0 1 0 1
001912.jpg 1 0 1 0 0 0 1 0 0 0
001913.jpg 0 0 1 0 0 0 0 0 0 1
001914.jpg 0 0 1 0 0 0 1 1 0 1
001915.jpg 0 0 1 0 0 0 1 0 0 0
001916.jpg 0 0 0 0 0 0 0 0 1 1
001917.jpg 0 1 0 1 1 0 0 0 0 1
001918.jpg 0 0 0 0 0 0 0 1 0 1
001919.jpg 1 0 0 1 0 0 0 0 0 1
001920.jpg 0 0 0 1 0 0 1 0 1 0
001921.jpg 0 0 0 0 0 0 0 0 0 1
001922.jpg 0 0 0 0 0 0 0 0 0 1
001923.jpg 1 0 1 0 0 0 0 0 0 1
001924.jpg 0 0 0 1 0 0 0 0 0 0
001925.jpg 0 0 0 0 0 0 0 1 0 1
001926.jpg 1 0 0 1 0 0 0 1 0 0
001927.jpg 0 0 0 1 0 0 1 0 0 0
001928.jpg 0 0 1 0 0 1 0 0 0 1
001929.jpg 0 0 1 0 0 0 1 1 0 0
001930.jpg 0 1 0 1 0 0 0 1 0 0
001931.jpg 0 0 1 0 0 0 1 0 0 0
001932.jpg 0 0 0 1 0 0 0 0 0 0
001933.jpg 0 0 1 0 0 0 1 1 0 1
001934.jpg 1 0 0 1 0 0 1 1 0 1
001935.jpg 1 0 0 1 0 0 0 0 0 1
001936.jpg 0 1 0 1 0 0 0 0 0 0
001937.jpg 0 0 0 0 0 1 0 1 0 0
001938.jpg 0 0 0 1 0 0 0 0 0 1
001939.jpg 0 0 0 1 0 0 0 0 1 1
001940.jpg 0 0 0 0 0 0 0 1 0 1
001941.jpg 0 0 1 0 0 0 1 0 0 1
001942.jpg 0 0 1 0 0 0 1 1 0 1
001943.jpg 0 0 1 0 0 0 0 1 0 1
001944.jpg 1 0 0 1 0 0 0 0 0 1
001945.jpg 0 0 1 0 0 0 1 1 0 1
001946.jpg 0 1 0 0 0 0 0 1 0 1
001947.jpg 0 0 1 0 0 0 1 1 0 1
001948.jpg 0 0 0 1 0 0 1 0 0 1
001949.jpg 1 0 0 1 0 0 1 0 0 1
001950.jpg 0 0 1 0 0 0 1 0 0 1
001951.jpg 1 0 0 1 0 0 1 0 0 1
001952.jpg 1 0 1 0 0 0 0 0 0 1
001953.jpg 0 0 1 0 0 0 1 0 0 1
001954.jpg 0 0 1 0 0 0 1 0 0 1
001955.jpg 0 0 1 0 0 0 0 1 0 1
001956.jpg 0 0 0 0 0 0 0 0 1 1
001957.jpg 0 0 1 0 0 0 0 1 0 0
001958.jpg 0 0 1 0 0 0 1 1 0 1
001959.jpg 1 0 0 1 0 0 0 0 0 1
001960.jpg 0 0 1 0 0 0 1 1 0 1
001961.jpg 0 0 0 1 0 0 1 0 0 1
001962.jpg 0 0 0 0 0 0 0 1 0 1
001963.jpg 0 0 1 0 0 0 1 1 0 1
001964.jpg 0 0 1 0 0 0 1 1 0 1
001965.jpg 0 0 0 1 0 0 0 0 0 1
001966.jpg 0 0 1 0 0 0 0 1 0 1
001967.jpg 0 0 1 0 0 0 1 1 0 1
001968.jpg 0 0 0 1 0 0 1 0 0 1
001969.jpg 0 0 1 0 0 0 0 0 0 1
001970.jpg 0 0 0 0 0 0 1 1 0 1
001971.jpg 0 0 0 1 0 0 0 0 0 0
001972.jpg 1 0 1 0 0 0 1 1 0 0
001973.jpg 1 0 0 1 0 0 1 0 0 0
001974.jpg 0 0 0 0 0 0 0 0 0 0
001975.jpg 1 0 0 1 1 0 0 0 0 1
001976.jpg 0 0 0 1 0 0 0 0 0 1
001977.jpg 1 0 0 1 0 0 0 0 0 1
001978.jpg 0 0 0 1 0 0 0 0 0 0
001979.jpg 0 0 1 0 0 0 1 1 0 1
001980.jpg 0 0 0 1 1 0 0 0 0 0
001981.jpg 0 0 0 1 0 0 0 1 0 1
001982.jpg 0 0 0 1 0 0 0 0 0 0
001983.jpg 1 0 0 1 0 0 1 0 0 1
001984.jpg 0 0 0 1 0 0 0 0 0 1
001985.jpg 0 0 0 1 0 0 1 0 0 0
001986.jpg 0 1 0 1 0 0 0 0 0 0
001987.jpg 0 0 1 0 0 0 0 0 0 1
001988.jpg 0 0 0 1 0 0 0 1 0 0
001989.jpg 0 0 1 0 0 0 0 1 0 1
001990.jpg 0 0 1 0 0 0 0 1 0 1
001991.jpg 0 0 1 0 0 0 0 1 0 1
001992.jpg 0 0 0 0 0 0 0 0 0 1
001993.jpg 0 0 0 0 0 0 0 0 0 1
001994.jpg 1 0 0 1 0 0 1 0 0 1
001995.jpg 1 0 0 1 0 0 0 0 0 1
001996.jpg 0 0 0 1 0 0 0 0 1 1
001997.jpg 0 0 1 0 0 0 1 0 0 1
001998.jpg 0 0 0 1 0 0 0 1 0 1
001999.jpg 0 0 0 1 0 0 1 0 0 0
002000.jpg 1 0 0 1 0 0 1 0 0 0
002001.jpg 1 0 0 1 0 0 0 0 0 1
002002.jpg 0 0 1 0 0 0 0 1 0 1
002003.jpg 0 1 0 1 0 0 0 0 0 1
002004.jpg 0 1 0 1 0 0 0 0 0 1
002005.jpg 0 0 1 0 0 0 1 0 0 1
002006.jpg 0 0 0 1 0 0 0 0 0 0
002007.jpg 1 0 0 1 0 0 1 0 0 1
002008.jpg 0 0 1 0 0 0 0 1 0 1
002009.jpg 0 1 0 1 0 0 1 0 0 1
002010.jpg 0 0 0 1 0 0 0 0 0 0
002011.jpg 0 0 1 0 0 0 0 1 0 1
002012.jpg 1 0 0 1 0 0 1 0 0 1
002013.jpg 0 0 0 1 0 0 0 1 0 1
002014.jpg 0 0 1 0 0 0 0 1 0 1
002015.jpg 0 0 1 0 0 0 1 1 0 1
002016.jpg 1 0 0 1 0 0 0 0 0 1
002017.jpg 1 0 0 0 0 0 0 1 0 1
002018.jpg 1 0 0 1 0 0 1 0 0 1
002019.jpg 0 0 1 0 0 0 1 1 0 1
002020.jpg 0 0 0 0 0 0 0 0 0 1
002021.jpg 0 0 1 0 0 0 1 0 0 1
002022.jpg 0 0 0 0 0 0 1 1 0 0
002023.jpg 0 0 0 0 0 0 0 0 0 0
002024.jpg 0 0 1 0 0 0 0 1 0 1
002025.jpg 0 0 1 0 0 0 0 1 0 1
002026.jpg 0 0 1 0 0 0 1 1 0 1
002027.jpg 0 0 1 0 0 0 1 1 0 1
002028.jpg 1 0 0 0 0 0 1 0 0 1
002029.jpg 0 0 1 0 0 0 1 1 0 1
002030.jpg 0 0 0 1 0 0 1 0 0 0
002031.jpg 0 1 0 0 0 0 0 0 0 1
002032.jpg 0 0 0 1 0 0 0 0 1 0
002033.jpg 0 0 0 1 0 0 0 1 0 1
002034.jpg 0 0 1 0 0 0 1 0 0 1
002035.jpg 0 0 1 0 0 0 0 0 0 1
002036.jpg 0 0 0 0 0 0 1 0 0 0
002037.jpg 1 0 0 1 1 0 0 0 0 1
002038.jpg 0 0 1 0 0 1 1 1 0 1
002039.jpg 1 0 0 1 1 0 0 1 0 1
002040.jpg 0 0 0 0 0 1 1 0 0 1
002041.jpg 0 0 0 1 0 0 0 0 1 1
002042.jpg 0 0 1 0 0 0 1 0 0 1
002043.jpg 0 0 0 0 0 0 0 0 0 1
002044.jpg 0 0 1 0 0 0 0 1 0 1
002045.jpg 0 0 0 0 0 0 0 1 0 1
002046.jpg 0 0 1 0 0 0 0 0 0 1
002047.jpg 0 0 0 0 0 0 0 1 0 1
002048.jpg 0 0 1 0 0 0 0 0 0 1
002049.jpg 0 0 0 1 0 0 0 1 0 1
002050.jpg 0 1 0 1 0 0 1 0 0 0
002051.jpg 1 0 0 0 0 0 0 1 0 1
002052.jpg 0 0 0 1 0 0 1 0 1 0
002053.jpg 0 0 1 0 0 0 0 1 0 1
002054.jpg 0 0 0 1 0 0 0 0 0 1
002055.jpg 1 0 0 1 0 0 0 0 0 1
002056.jpg 1 0 0 0 0 0 0 0 0 1
002057.jpg 1 0 1 0 0 0 1 0 0 1
002058.jpg 0 1 1 0 0 0 0 0 0 1
002059.jpg 0 0 1 0 0 0 0 0 0 1
002060.jpg 0 0 0 0 0 0 0 1 0 1
002061.jpg 1 1 0 1 0 0 0 0 0 1
002062.jpg 1 0 1 0 0 0 0 0 0 1
002063.jpg 1 0 0 1 0 0 0 0 0 1
002064.jpg 1 0 1 0 0 0 1 1 0 1
002065.jpg 1 0 0 1 0 0 0 1 0 1
002066.jpg 0 0 0 0 0 0 1 0 0 1
002067.jpg 0 0 0 0 0 0 1 1 0 1
002068.jpg 1 0 0 1 0 0 1 0 0 0
002069.jpg 0 0 0 1 0 0 1 0 0 1
002070.jpg 1 0 0 0 0 0 0 1 0 1
002071.jpg 0 0 1 0 0 0 0 0 0 1
002072.jpg 0 0 1 0 0 0 1 0 0 1
002073.jpg 0 0 1 0 0 0 1 0 0 1
002074.jpg 0 0 1 0 0 0 0 0 0 1
002075.jpg 1 1 0 1 0 0 1 0 0 1
002076.jpg 1 0 0 1 0 0 0 0 0 1
002077.jpg 0 0 1 0 0 0 1 1 0 1
002078.jpg 0 1 0 1 0 0 1 0 0 0
002079.jpg 1 0 0 0 0 0 1 0 0 1
002080.jpg 0 0 1 0 0 1 1 0 0 1
002081.jpg 0 0 0 1 0 0 1 0 0 0
002082.jpg 0 0 0 0 0 0 0 1 0 0
002083.jpg 0 0 0 0 0 0 0 0 0 0
002084.jpg 0 0 1 0 0 0 1 1 0 0
002085.jpg 1 0 1 0 0 0 1 0 0 1
002086.jpg 0 0 1 0 0 0 1 0 0 1
002087.jpg 0 0 0 0 0 0 0 0 0 1
002088.jpg 1 0 0 1 0 0 1 1 0 0
002089.jpg 0 0 0 1 0 0 1 0 0 1
002090.jpg 0 0 1 0 0 0 1 1 0 1
002091.jpg 0 0 1 0 0 0 0 1 0 1
002092.jpg 0 0 1 0 0 1 1 0 0 0
002093.jpg 0 0 1 0 0 0 1 0 0 1
002094.jpg 1 0 1 0 0 0 1 0 0 1
002095.jpg 1 0 0 1 0 0 0 0 0 1
002096.jpg 1 0 1 0 0 0 1 1 0 1
002097.jpg 0 0 1 0 0 0 1 0 0 1
002098.jpg 1 0 0 0 0 0 0 0 0 1
002099.jpg 1 0 1 0 0 0 1 0 0 1
002100.jpg 0 0 0 1 1 0 1 1 0 0
002101.jpg 0 0 1 0 0 0 1 0 0 1
002102.jpg 0 0 1 0 0 0 1 0 0 0
002103.jpg 0 0 1 0 0 0 0 0 0 1
002104.jpg 0 0 0 0 0 0 1 0 0 1
002105.jpg 0 0 0 0 0 0 1 0 0 1
002106.jpg 0 0 0 1 0 0 0 0 0 0
002107.jpg 0 0 0 0 0 1 0 0 0 1
002108.jpg 1 0 1 0 0 0 1 1 0 1
002109.jpg 1 0 1 0 0 0 0 0 0 1
002110.jpg 0 0 1 0 0 0 0 0 0 1
002111.jpg 0 1 0 0 0 0 1 1 1 1
002112.jpg 0 0 0 1 0 0 0 0 0 1
002113.jpg 1 0 1 0 0 0 1 0 0 1
002114.jpg 0 0 0 1 0 0 1 0 0 1
002115.jpg 0 0 0 0 0 0 1 0 0 1
002116.jpg 1 0 1 0 0 1 1 1 0 1
002117.jpg 1 0 0 0 0 0 1 0 0 1
002118.jpg 0 0 0 1 0 0 1 0 0 1
002119.jpg 0 0 1 0 0 0 1 1 0 0
002120.jpg 1 0 1 0 0 0 0 0 0 1
002121.jpg 1 0 0 1 0 0 1 0 0 1
002122.jpg 1 0 1 1 0 0 0 0 0 1
002123.jpg 1 0 0 1 0 0 0 0 0 1
002124.jpg 0 1 0 1 0 0 1 0 0 0
002125.jpg 0 1 0 1 0 0 0 0 0 1
002126.jpg 0 0 0 1 1 0 0 0 0 1
002127.jpg 0 0 1 0 0 0 0 0 0 1
002128.jpg 1 0 0 0 0 0 1 1 0 1
002129.jpg 0 0 1 0 0 0 0 0 0 1
002130.jpg 0 0 1 0 0 0 0 1 0 1
002131.jpg 0 0 0 1 0 0 0 0 0 0
002132.jpg 0 1 0 1 0 0 0 0 0 0
002133.jpg 0 0 1 0 0 0 0 1 0 1
002134.jpg 0 1 0 0 0 0 0 1 0 1
002135.jpg 1 1 0 1 1 0 0 1 0 0
002136.jpg 0 0 1 0 0 0 0 0 0 1
002137.jpg 0 0 0 0 0 0 1 0 0 1
002138.jpg 0 0 0 1 0 0 0 0 0 1
002139.jpg 0 0 0 1 0 0 0 0 1 1
002140.jpg 0 0 1 0 0 0 1 1 0 1
002141.jpg 0 0 0 1 0 0 0 0 0 0
002142.jpg 0 0 0 0 0 0 1 0 0 0
002143.jpg 1 0 0 1 0 0 1 0 0 1
002144.jpg 1 0 0 0 0 0 1 1 0 1
002145.jpg 0 1 0 1 0 0 0 0 0 0
002146.jpg 0 0 0 0 0 0 0 0 0 1
002147.jpg 0 0 1 0 0 0 0 1 0 1
002148.jpg 1 0 0 1 1 0 0 0 0 1
002149.jpg 0 0 0 1 0 0 1 0 0 1
002150.jpg 0 0 0 1 1 0 0 0 0 1
002151.jpg 0 0 0 1 1 0 1 1 0 0
002152.jpg 0 0 0 1 0 0 0 0 1 0
002153.jpg 0 0 1 0 0 0 0 1 0 1
002154.jpg 1 0 1 0 0 0 1 0 0 1
002155.jpg 0 0 0 1 0 0 0 0 0 1
002156.jpg 0 0 0 0 0 0 0 1 0 1
002157.jpg 0 0 1 0 0 0 1 1 0 1
002158.jpg 0 0 0 0 0 0 1 1 0 0
002159.jpg 0 0 1 0 0 0 1 1 0 1
002160.jpg 1 0 0 1 0 0 0 1 0 1
002161.jpg 0 0 1 0 0 0 0 0 0 1
002162.jpg 0 0 1 0 0 0 1 1 0 0
002163.jpg 0 0 1 0 0 0 0 1 0 1
002164.jpg 0 0 0 1 0 0 1 0 0 0
002165.jpg 0 0 1 0 0 1 0 0 0 1
002166.jpg 0 0 1 0 0 0 1 1 0 0
002167.jpg 0 0 1 0 0 0 0 0 0 1
002168.jpg 0 0 0 1 0 0 1 0 0 0
002169.jpg 0 0 0 0 0 0 1 1 0 1
002170.jpg 1 0 0 1 0 0 0 0 0 1
002171.jpg 0 0 1 0 0 0 1 0 0 1
002172.jpg 0 0 0 1 0 0 0 0 0 1
002173.jpg 1 0 0 1 0 0 1 0 0 1
002174.jpg 1 0 1 0 0 0 1 1 0 1
002175.jpg 0 0 0 0 0 0 1 0 0 1
002176.jpg 0 0 0 1 0 0 0 0 0 1
002177.jpg 1 0 0 0 0 0 1 1 0 1
002178.jpg 1 0 1 0 0 0 1 1 0 1
002179.jpg 0 0 1 0 0 0 1 1 0 1
002180.jpg 1 0 1 0 0 0 1 0 0 1
002181.jpg 1 0 0 1 0 0 1 0 0 1
002182.jpg 1 0 1 0 0 0 1 1 0 1
002183.jpg 0 0 0 0 0 0 1 1 0 1
002184.jpg 0 0 0 0 0 0 0 0 0 1
002185.jpg 0 0 0 1 0 0 1 0 0 1
002186.jpg 1 0 1 0 0 0 1 0 0 1
002187.jpg 0 0 0 1 0 0 0 0 0 0
002188.jpg 0 0 0 1 0 0 1 0 0 0
002189.jpg 0 0 0 0 0 0 1 0 0 1
002190.jpg 0 0 0 0 0 0 0 0 0 1
002191.jpg 0 0 0 1 0 0 1 0 0 0
002192.jpg 1 0 0 1 0 0 0 0 0 1
002193.jpg 0 0 1 0 0 0 0 1 0 1
002194.jpg 0 0 0 0 0 0 1 1 0 1
002195.jpg 0 0 0 1 0 0 1 0 1 1
002196.jpg 0 0 0 0 0 0 0 1 0 1
002197.jpg 1 0 0 0 0 0 0 0 0 1
002198.jpg 0 0 1 0 0 0 1 1 0 0
002199.jpg 0 0 1 0 0 0 1 1 0 1
002200.jpg 0 0 0 1 0 0 1 0 0 1
002201.jpg 0 0 0 0 0 0 0 0 0 1
002202.jpg 0 0 0 0 0 0 0 0 1 0
002203.jpg 0 0 0 1 0 0 1 0 0 1
002204.jpg 0 0 0 1 0 0 1 0 0 1
002205.jpg 0 0 0 1 0 0 1 0 0 0
002206.jpg 0 0 0 0 0 0 0 1 0 1
002207.jpg 1 0 0 0 0 0 0 0 1 1
002208.jpg 0 0 1 0 0 0 1 1 0 1
002209.jpg 0 0 0 0 0 0 1 0 0 1
002210.jpg 0 1 0 1 0 0 0 0 0 1
002211.jpg 0 0 0 1 0 0 0 0 0 0
002212.jpg 0 0 0 1 0 0 1 1 0 1
002213.jpg 1 0 0 1 0 0 0 0 0 1
002214.jpg 0 0 0 1 0 0 0 1 0 1
002215.jpg 1 0 0 1 0 0 0 1 0 1
002216.jpg 0 0 1 0 0 0 1 0 1 0
002217.jpg 1 0 0 0 0 1 0 0 0 1
002218.jpg 0 0 0 0 0 0 0 1 0 1
002219.jpg 1 0 0 0 0 0 0 0 0 1
002220.jpg 0 0 0 1 0 0 0 0 0 1
002221.jpg 0 0 1 0 0 0 0 0 0 1
002222.jpg 0 0 0 0 0 0 1 0 0 1
002223.jpg 1 0 0 1 0 0 0 1 0 0
002224.jpg 0 0 0 1 0 0 1 1 0 0
002225.jpg 1 0 0 1 0 0 0 0 0 1
002226.jpg 0 0 0 1 0 0 0 0 1 0
002227.jpg 1 1 0 1 1 0 1 0 0 0
002228.jpg 0 0 0 0 0 0 1 1 0 1
002229.jpg 0 0 0 1 0 0 1 0 0 0
002230.jpg 1 0 1 0 0 0 1 0 0 1
002231.jpg 0 0 1 0 0 0 1 1 0 1
002232.jpg 0 1 0 1 0 0 0 1 0 0
002233.jpg 1 0 1 0 0 1 1 0 0 1
002234.jpg 0 0 0 0 0 0 1 0 0 1
002235.jpg 0 0 0 0 0 0 1 0 1 1
002236.jpg 0 0 1 0 0 0 1 1 0 0
002237.jpg 1 0 1 0 0 1 0 0 0 1
002238.jpg 0 0 1 0 0 0 1 1 0 1
002239.jpg 1 0 0 0 0 0 1 0 0 1
002240.jpg 0 0 0 0 0 0 0 0 0 1
002241.jpg 0 0 0 0 0 0 0 1 0 1
002242.jpg 1 0 1 0 0 0 1 0 0 1
002243.jpg 0 1 0 0 0 0 1 0 0 1
002244.jpg 1 0 1 0 0 0 1 1 0 1
002245.jpg 0 0 0 1 0 1 0 1 0 0
002246.jpg 0 0 0 1 0 0 0 0 0 0
002247.jpg 0 0 0 0 0 0 1 0 0 1
002248.jpg 1 0 0 1 0 0 0 0 0 1
002249.jpg 0 0 0 0 0 1 0 0 0 1
002250.jpg 0 0 1 0 0 0 1 1 0 1
002251.jpg 0 0 1 0 0 0 1 1 0 1
002252.jpg 0 0 0 1 0 0 0 1 0 1
002253.jpg 0 0 0 1 0 0 1 0 0 1
002254.jpg 0 0 1 0 0 0 1 0 0 0
002255.jpg 0 0 0 1 0 0 0 0 0 0
002256.jpg 0 0 0 0 0 0 0 0 0 1
002257.jpg 0 0 0 1 0 0 1 0 0 0
002258.jpg 0 0 1 0 0 0 1 0 0 1
002259.jpg 1 0 0 1 1 0 1 0 0 1
002260.jpg 0 0 0 1 0 0 1 1 0 1
002261.jpg 0 0 1 0 0 0 1 0 0 1
002262.jpg 0 0 0 0 0 0 0 1 0 1
002263.jpg 0 0 1 0 0 0 0 0 0 1
002264.jpg 0 0 1 0 0 0 1 0 0 1
002265.jpg 0 0 0 1 0 0 0 1 0 0
002266.jpg 0 0 0 1 0 0 1 0 0 1
002267.jpg 0 0 0 0 0 0 0 1 0 1
002268.jpg 0 0 0 1 0 0 0 0 1 1
002269.jpg 0 0 0 0 0 0 0 0 0 1
002270.jpg 0 0 0 1 0 0 1 0 0 0
002271.jpg 0 0 1 0 0 0 1 0 0 1
002272.jpg 1 0 0 1 0 0 0 0 0 1
002273.jpg 1 0 1 0 0 0 0 1 0 1
002274.jpg 0 0 1 0 0 0 1 0 0 1
002275.jpg 0 0 0 1 0 0 1 1 0 1
002276.jpg 0 1 0 1 1 0 0 0 0 1
002277.jpg 1 0 0 1 0 0 0 0 0 1
002278.jpg 0 0 0 0 0 0 0 0 0 1
002279.jpg 0 0 1 0 0 0 0 1 0 1
002280.jpg 0 0 0 0 0 0 0 0 1 0
002281.jpg 0 0 0 1 1 0 1 1 0 0
002282.jpg 0 0 1 0 0 0 1 0 0 1
002283.jpg 0 0 1 1 0 0 0 0 0 1
002284.jpg 0 0 0 1 0 0 1 0 1 1
002285.jpg 0 0 0 0 0 0 1 0 0 1
002286.jpg 0 0 0 1 0 0 0 0 0 1
002287.jpg 0 0 0 0 0 0 1 0 0 1
002288.jpg 1 0 0 1 0 0 1 0 0 0
002289.jpg 0 0 0 0 0 0 0 0 0 1
002290.jpg 1 0 0 1 1 0 1 0 0 0
002291.jpg 0 0 0 1 0 0 1 1 0 0
002292.jpg 0 0 1 0 0 0 0 1 0 1
002293.jpg 0 0 0 1 0 0 0 0 1 1
002294.jpg 0 0 1 0 0 0 1 1 0 0
002295.jpg 0 1 0 1 0 0 0 0 1 1
002296.jpg 0 0 0 0 0 1 0 0 0 1
002297.jpg 0 0 0 1 1 0 0 0 0 1
002298.jpg 0 0 0 1 0 0 1 1 0 1
002299.jpg 1 0 0 1 0 0 0 0 0 1
002300.jpg 1 0 1 0 0 0 0 0 0 1
002301.jpg 1 0 0 1 0 0 0 1 0 1
002302.jpg 0 0 1 0 0 0 0 1 0 1
002303.jpg 0 0 0 0 0 0 1 1 0 1
002304.jpg 0 0 0 1 0 0 1 0 0 1
002305.jpg 0 0 0 1 0 0 1 0 0 0
002306.jpg 0 0 1 0 0 0 0 1 0 1
002307.jpg 1 0 1 0 0 0 1 1 0 1
002308.jpg 0 0 1 0 0 0 0 1 0 1
002309.jpg 0 0 0 1 0 0 0 0 0 1
002310.jpg 0 0 0 1 0 0 1 1 0 0
002311.jpg 0 0 0 1 0 0 1 0 0 0
002312.jpg 0 0 0 0 0 1 0 1 0 1
002313.jpg 0 0 0 1 0 0 0 0 0 1
002314.jpg 0 0 1 0 0 0 1 0 0 1
002315.jpg 0 0 0 1 0 0 0 0 0 1
002316.jpg 0 0 0 0 0 0 1 0 0 1
002317.jpg 0 0 0 1 0 0 1 0 0 1
002318.jpg 0 0 0 1 0 0 0 0 0 1
002319.jpg 0 0 0 1 0 0 0 0 0 1
002320.jpg 0 0 0 0 0 0 1 1 0 1
002321.jpg 0 0 1 0 0 0 0 1 0 1
002322.jpg 0 0 0 1 0 0 1 0 0 1
002323.jpg 0 0 0 0 0 0 1 1 0 1
002324.jpg 0 0 1 0 0 0 0 1 0 1
002325.jpg 0 0 0 1 0 0 1 1 0 1
002326.jpg 0 0 0 1 0 0 0 0 0 0
002327.jpg 0 0 0 1 0 0 0 0 0 0
002328.jpg 0 0 1 0 0 0 1 1 0 1
002329.jpg 1 0 1 0 0 0 0 0 0 1
002330.jpg 0 0 0 1 0 0 0 1 0 0
002331.jpg 0 0 1 0 0 0 1 0 0 1
002332.jpg 0 0 0 0 0 0 0 0 0 1
002333.jpg 1 0 0 1 0 0 0 0 0 1
002334.jpg 0 0 1 0 0 0 1 0 0 1
002335.jpg 0 0 0 1 0 0 0 0 0 1
002336.jpg 0 0 1 0 0 0 1 0 0 1
002337.jpg 1 0 1 0 0 0 1 0 0 1
002338.jpg 0 0 0 1 0 0 0 0 1 1
002339.jpg 0 0 1 0 0 0 0 1 0 1
002340.jpg 1 0 1 0 0 0 1 1 0 1
002341.jpg 0 0 0 1 0 0 1 0 0 0
002342.jpg 0 0 1 0 0 0 1 0 0 1
002343.jpg 0 0 0 0 0 1 0 0 0 1
002344.jpg 1 0 0 1 0 0 1 0 0 1
002345.jpg 0 0 0 1 0 0 0 0 0 1
002346.jpg 0 0 0 1 0 0 0 0 0 1
002347.jpg 0 0 1 0 0 0 0 1 0 1
002348.jpg 0 1 0 0 0 0 1 0 0 0
002349.jpg 0 0 1 0 0 0 1 0 0 1
002350.jpg 0 0 0 0 0 0 1 0 0 1
002351.jpg 1 0 0 1 0 0 0 0 0 1
002352.jpg 0 0 0 0 0 0 0 0 0 1
002353.jpg 0 0 1 0 0 0 1 0 0 1
002354.jpg 0 0 0 0 0 0 1 0 0 1
002355.jpg 0 0 1 0 0 0 1 0 0 1
002356.jpg 0 0 0 1 0 0 1 0 0 1
002357.jpg 0 0 0 1 0 0 0 0 1 0
002358.jpg 1 0 0 1 0 0 1 1 0 0
002359.jpg 0 0 0 1 1 0 1 0 0 1
002360.jpg 0 0 0 0 0 0 1 0 0 1
002361.jpg 0 0 0 0 0 0 0 0 0 1
002362.jpg 0 0 0 0 0 0 0 1 0 0
002363.jpg 0 0 0 1 0 0 0 0 0 0
002364.jpg 0 0 1 0 0 0 0 0 0 1
002365.jpg 0 0 1 0 0 0 1 1 0 1
002366.jpg 0 1 0 1 0 0 0 0 0 0
002367.jpg 0 0 1 0 0 0 1 1 0 1
002368.jpg 0 0 0 1 1 0 1 0 0 1
002369.jpg 0 0 1 0 0 0 1 0 0 1
002370.jpg 1 0 0 1 1 0 1 0 0 1
002371.jpg 1 0 0 1 0 0 1 0 0 1
002372.jpg 1 0 1 0 0 0 1 0 0 1
002373.jpg 0 0 0 1 0 0 0 0 0 1
002374.jpg 0 0 0 1 0 0 1 0 0 0
002375.jpg 0 0 1 0 0 0 1 0 0 1
002376.jpg 0 0 1 0 0 1 0 0 0 1
002377.jpg 1 0 0 0 0 0 1 0 0 1
002378.jpg 1 0 0 1 0 0 0 0 0 1
002379.jpg 0 0 1 0 0 0 1 0 0 1
002380.jpg 0 0 1 0 0 0 1 1 0 1
002381.jpg 1 0 0 1 0 0 1 0 0 1
002382.jpg 0 0 0 0 0 1 0 1 0 1
002383.jpg 0 0 0 0 0 0 1 0 0 1
002384.jpg 0 0 0 0 0 0 1 0 0 1
002385.jpg 0 0 0 1 0 0 0 0 1 1
002386.jpg 0 0 0 1 0 0 0 0 0 1
002387.jpg 0 0 0 0 0 0 1 0 0 1
002388.jpg 1 0 1 0 0 0 1 0 0 1
002389.jpg 1 0 0 1 0 0 0 0 0 1
002390.jpg 0 0 0 0 0 0 1 1 0 1
002391.jpg 1 0 0 1 0 0 0 0 0 1
002392.jpg 0 0 0 1 0 1 0 0 0 1
002393.jpg 0 0 1 0 0 0 1 1 0 1
002394.jpg 0 1 0 0 0 0 1 0 0 1
002395.jpg 0 0 1 0 0 1 1 1 0 1
002396.jpg 0 0 0 1 0 0 0 0 0 0
002397.jpg 1 0 1 0 0 0 1 1 0 1
002398.jpg 0 0 0 1 0 0 0 0 0 1
002399.jpg 0 0 0 1 1 0 0 0 1 1
002400.jpg 0 0 0 1 0 0 0 0 0 0
002401.jpg 0 0 1 0 0 0 0 0 0 1
002402.jpg 0 0 1 0 0 0 0 0 0 0
002403.jpg 0 0 1 0 0 0 1 1 0 1
002404.jpg 0 0 1 0 0 0 0 0 0 1
002405.jpg 0 0 0 1 0 0 1 0 1 1
002406.jpg 0 0 1 0 0 0 1 1 0 1
002407.jpg 0 0 1 0 0 0 1 1 0 1
002408.jpg 1 0 1 0 0 0 1 0 0 1
002409.jpg 0 0 1 0 0 0 1 0 0 1
002410.jpg 0 0 1 0 0 0 1 0 0 1
002411.jpg 0 0 0 0 0 0 1 0 0 1
002412.jpg 0 0 1 0 0 0 1 0 0 1
002413.jpg 0 0 0 1 0 0 0 0 1 1
002414.jpg 1 0 0 1 0 0 0 0 0 1
002415.jpg 0 0 0 1 0 0 0 0 0 1
002416.jpg 0 0 0 1 0 0 1 0 1 1
002417.jpg 0 0 0 1 0 0 0 0 0 1
002418.jpg 0 0 0 1 0 0 1 1 0 0
002419.jpg 0 0 1 0 0 0 0 1 0 1
002420.jpg 0 0 1 0 0 0 0 0 0 1
002421.jpg 0 0 0 1 0 0 0 0 0 1
002422.jpg 1 0 1 0 0 0 1 1 0 0
002423.jpg 1 0 0 1 0 0 1 0 0 1
002424.jpg 0 0 1 0 0 0 0 1 0 1
002425.jpg 0 0 0 0 0 0 1 0 0 0
002426.jpg 0 1 0 1 0 0 0 1 0 1
002427.jpg 1 0 1 0 0 0 0 0 0 1
002428.jpg 0 0 1 0 0 0 1 1 0 0
002429.jpg 0 0 1 0 0 0 1 0 0 1
002430.jpg 0 0 1 0 0 0 0 1 0 1
002431.jpg 0 0 0 1 0 0 0 0 0 0
002432.jpg 0 0 0 1 0 0 0 1 0 0
002433.jpg 0 0 0 1 0 0 1 0 0 0
002434.jpg 1 0 1 0 0 1 1 1 0 1
002435.jpg 0 1 0 1 0 0 1 0 0 0
002436.jpg 0 0 0 0 0 0 1 0 1 1
002437.jpg 0 0 0 0 0 1 1 0 0 1
002438.jpg 0 0 1 0 0 0 1 1 0 1
002439.jpg 0 0 1 0 0 0 1 1 0 1
002440.jpg 1 0 1 0 0 0 1 0 0 0
002441.jpg 0 0 1 0 0 0 0 0 0 1
002442.jpg 1 0 0 1 0 0 0 0 0 0
002443.jpg 0 0 1 0 0 0 1 0 0 1
002444.jpg 0 0 1 0 0 0 0 1 0 1
002445.jpg 0 0 1 0 0 0 0 1 0 1
002446.jpg 0 0 0 1 0 0 1 0 0 1
002447.jpg 1 0 1 0 0 1 0 0 0 1
002448.jpg 1 0 0 0 0 0 0 1 0 1
002449.jpg 1 0 0 1 0 0 1 0 0 1
002450.jpg 0 0 1 0 0 0 1 1 0 1
002451.jpg 0 0 1 0 0 1 1 0 0 1
002452.jpg 1 0 0 1 0 0 0 0 0 1
002453.jpg 0 0 0 0 0 0 1 0 0 0
002454.jpg 0 0 0 1 0 0 1 0 1 1
002455.jpg 0 0 0 1 0 0 0 0 0 0
002456.jpg 0 0 0 1 0 0 0 0 0 1
002457.jpg 0 0 1 0 0 0 0 0 0 1
002458.jpg 0 0 0 1 0 0 1 0 0 1
002459.jpg 0 0 0 1 0 0 0 0 0 0
002460.jpg 0 0 1 0 0 0 0 1 0 1
002461.jpg 0 1 0 1 0 0 0 0 0 0
002462.jpg 0 0 0 0 0 0 0 0 0 1
002463.jpg 0 0 1 0 0 0 1 0 0 1
002464.jpg 0 0 1 0 0 0 1 1 0 1
002465.jpg 0 0 0 1 0 0 0 0 0 1
002466.jpg 1 0 0 1 1 0 0 0 0 0
002467.jpg 1 0 1 0 0 0 1 0 0 1
002468.jpg 0 0 1 0 0 0 0 0 0 1
002469.jpg 0 0 1 0 0 0 0 0 0 1
002470.jpg 0 0 1 0 0 0 0 0 0 1
002471.jpg 0 0 1 0 0 0 0 0 0 1
002472.jpg 0 0 1 0 0 1 0 1 0 1
002473.jpg 0 0 1 0 0 0 0 1 0 1
002474.jpg 0 0 0 1 0 0 0 0 0 1
002475.jpg 1 0 1 0 0 0 0 1 0 1
002476.jpg 0 1 0 0 0 0 0 1 0 1
002477.jpg 1 1 0 1 1 0 0 0 0 1
002478.jpg 0 0 1 0 0 0 0 0 0 1
002479.jpg 0 0 0 1 0 0 0 0 0 1
002480.jpg 0 0 1 0 0 0 1 1 0 1
002481.jpg 0 0 1 0 0 0 0 1 0 1
002482.jpg 1 1 0 0 0 0 0 0 0 0
002483.jpg 0 0 0 1 0 0 0 0 0 0
002484.jpg 0 0 1 0 0 0 1 0 0 1
002485.jpg 0 0 1 0 0 0 0 0 0 1
002486.jpg 1 0 0 1 0 0 0 0 0 1
002487.jpg 0 0 0 0 0 0 1 0 0 1
002488.jpg 0 0 1 0 0 0 1 1 0 1
002489.jpg 0 1 0 0 0 0 0 0 0 1
002490.jpg 0 0 1 0 0 0 1 0 1 1
002491.jpg 1 0 1 0 0 0 1 1 0 1
002492.jpg 0 0 0 1 0 0 0 0 0 0
002493.jpg 1 0 1 0 0 0 0 1 0 1
002494.jpg 0 0 1 0 0 0 1 0 0 1
002495.jpg 0 0 0 0 0 0 0 1 0 0
002496.jpg 0 0 1 0 0 1 1 1 0 1
002497.jpg 0 0 0 1 0 0 1 0 0 0
002498.jpg 0 0 0 0 0 0 0 0 0 1
002499.jpg 0 0 1 0 0 0 1 1 0 0
002500.jpg 0 0 0 0 0 0 0 1 0 1
002501.jpg 1 0 0 0 0 0 0 0 0 1
002502.jpg 0 0 0 0 0 0 1 1 0 1
002503.jpg 1 0 1 0 0 0 0 0 0 1
002504.jpg 0 0 0 1 0 0 0 0 0 0
002505.jpg 0 1 0 1 0 1 1 0 0 0
002506.jpg 1 0 0 0 0 0 0 1 0 1
002507.jpg 1 0 0 1 0 0 0 0 0 1
002508.jpg 1 0 1 0 0 0 0 0 0 1
002509.jpg 0 0 0 0 0 0 0 0 0 1
002510.jpg 1 0 0 0 0 0 0 0 0 1
002511.jpg 0 0 0 1 0 0 0 0 0 1
002512.jpg 0 0 0 1 0 0 1 0 0 1
002513.jpg 0 0 0 0 0 0 0 0 0 1
002514.jpg 1 0 1 0 0 0 0 0 0 1
002515.jpg 0 1 0 1 0 0 1 0 0 0
002516.jpg 0 0 0 1 0 0 1 0 0 1
002517.jpg 0 0 1 0 0 0 1 0 0 1
002518.jpg 0 0 1 0 0 0 0 1 0 1
002519.jpg 0 0 0 1 0 1 0 0 0 1
002520.jpg 1 0 1 0 0 0 1 1 0 1
002521.jpg 0 0 1 0 0 0 1 0 0 1
002522.jpg 0 0 1 0 0 0 0 1 0 1
002523.jpg 0 0 1 0 0 0 1 0 0 0
002524.jpg 0 0 0 0 0 0 0 0 0 0
002525.jpg 0 0 0 0 0 0 1 0 0 1
002526.jpg 0 0 0 1 0 0 0 0 0 0
002527.jpg 1 0 1 0 0 0 1 0 0 1
002528.jpg 0 0 0 1 0 0 1 0 0 0
002529.jpg 0 0 0 1 0 0 1 0 0 0
002530.jpg 1 0 1 0 0 0 1 1 0 1
002531.jpg 0 0 0 0 0 0 0 1 0 0
002532.jpg 0 0 1 0 0 0 1 1 0 1
002533.jpg 0 0 1 0 0 0 1 1 0 1
002534.jpg 0 0 1 0 0 0 0 0 0 1
002535.jpg 0 0 1 0 0 0 0 1 0 1
002536.jpg 1 0 0 1 0 0 0 0 0 1
002537.jpg 0 0 0 1 0 0 0 0 0 1
002538.jpg 0 0 1 0 0 0 0 0 0 1
002539.jpg 0 0 1 0 0 0 1 1 0 1
002540.jpg 1 0 0 1 0 0 0 0 0 1
002541.jpg 1 0 0 1 0 0 1 0 0 1
002542.jpg 0 0 0 1 0 0 1 0 0 1
002543.jpg 0 0 0 1 0 0 0 0 0 1
002544.jpg 0 0 0 1 0 0 0 0 0 1
002545.jpg 0 0 1 0 0 0 1 1 0 1
002546.jpg 0 0 0 0 0 0 0 0 0 1
002547.jpg 0 1 0 1 0 0 0 0 0 0
002548.jpg 0 0 1 0 0 0 0 1 0 1
002549.jpg 0 0 1 0 0 0 1 1 0 1
002550.jpg 0 0 0 1 0 0 0 0 0 0
002551.jpg 0 0 0 1 0 0 1 1 0 0
002552.jpg 0 0 1 0 0 0 0 1 0 0
002553.jpg 0 0 1 0 0 1 0 0 0 1
002554.jpg 0 0 0 0 0 0 1 0 0 1
002555.jpg 1 0 1 0 0 0 1 1 0 0
002556.jpg 0 0 0 0 0 0 1 1 0 1
002557.jpg 0 0 0 0 0 0 0 0 0 1
002558.jpg 0 0 1 0 0 1 0 1 0 1
002559.jpg 1 0 0 1 0 0 0 0 0 1
002560.jpg 0 0 1 0 0 0 1 0 0 1
002561.jpg 0 0 0 0 0 0 0 0 0 1
002562.jpg 0 0 1 0 0 0 0 0 0 1
002563.jpg 0 0 0 1 0 0 1 0 0 1
002564.jpg 0 0 0 0 0 1 0 0 0 1
002565.jpg 1 0 0 1 1 0 1 1 0 1
002566.jpg 0 0 1 0 0 0 1 0 0 1
002567.jpg 1 0 0 1 0 0 1 0 0 1
002568.jpg 0 0 0 1 0 0 1 0 0 1
002569.jpg 0 0 1 0 0 0 1 1 0 1
002570.jpg 1 0 1 0 0 0 0 0 0 1
002571.jpg 0 0 0 0 0 1 1 1 0 1
002572.jpg 0 0 1 0 0 0 1 0 0 1
002573.jpg 0 0 0 0 0 0 1 0 0 1
002574.jpg 0 0 0 1 1 0 0 0 0 0
002575.jpg 1 0 0 1 0 0 1 0 0 1
002576.jpg 1 0 0 1 0 0 0 0 0 1
002577.jpg 0 0 1 0 0 0 1 0 0 1
002578.jpg 0 0 1 0 0 0 0 0 0 1
002579.jpg 0 0 1 0 0 0 1 1 0 0
002580.jpg 0 0 0 1 0 0 0 1 0 0
002581.jpg 0 0 0 0 0 0 1 0 0 1
002582.jpg 0 0 0 1 0 0 0 0 0 1
002583.jpg 0 0 0 1 0 0 0 1 0 0
002584.jpg 1 0 0 1 0 1 0 0 0 1
002585.jpg 0 0 0 1 0 0 1 0 0 1
002586.jpg 0 0 0 0 0 0 1 1 0 0
002587.jpg 1 1 0 0 0 0 1 1 0 0
002588.jpg 1 0 0 1 0 1 0 0 0 1
002589.jpg 1 0 1 0 0 0 1 0 0 1
002590.jpg 0 0 0 1 0 0 0 0 0 0
002591.jpg 0 0 0 1 0 1 1 0 1 1
002592.jpg 0 0 1 0 0 0 0 1 0 1
002593.jpg 1 0 0 1 0 0 0 0 0 1
002594.jpg 0 0 0 1 0 0 0 0 0 0
002595.jpg 0 0 1 0 0 1 0 0 0 1
002596.jpg 0 0 0 1 0 0 1 1 0 1
002597.jpg 0 0 1 0 0 0 1 1 0 0
002598.jpg 1 0 0 1 0 0 1 1 0 0
002599.jpg 0 1 0 0 0 0 0 1 0 1
002600.jpg 0 0 0 1 1 0 0 0 1 1
002601.jpg 1 0 0 1 0 0 1 0 0 1
002602.jpg 1 0 1 0 0 0 0 0 0 1
002603.jpg 0 0 0 0 0 0 1 0 0 1
002604.jpg 0 0 0 1 0 0 0 0 0 0
002605.jpg 1 0 1 0 0 0 0 0 0 1
002606.jpg 0 0 0 0 0 0 1 0 0 1
002607.jpg 0 0 0 0 0 0 0 1 0 1
002608.jpg 0 0 0 1 0 0 0 0 0 1
002609.jpg 0 0 1 0 0 0 1 1 0 1
002610.jpg 0 1 0 1 0 0 1 0 0 1
002611.jpg 1 0 0 1 0 0 0 0 0 1
002612.jpg 1 0 1 0 0 0 1 0 0 1
002613.jpg 0 1 0 1 0 0 0 0 1 1
002614.jpg 0 0 0 1 0 0 1 0 0 0
002615.jpg 1 1 1 0 0 0 1 1 0 0
002616.jpg 0 0 0 1 0 0 0 0 0 1
002617.jpg 0 0 0 1 1 0 1 0 0 1
002618.jpg 0 0 1 0 0 0 0 1 0 1
002619.jpg 1 0 0 0 0 0 0 1 0 1
002620.jpg 0 0 1 0 0 0 0 1 0 1
002621.jpg 0 0 0 1 0 0 1 0 1 0
002622.jpg 1 0 0 1 0 0 1 0 0 1
002623.jpg 0 0 0 1 0 0 0 0 0 1
002624.jpg 0 0 0 1 0 0 0 0 0 1
002625.jpg 0 0 0 1 0 0 1 1 0 1
002626.jpg 0 0 0 1 0 0 0 1 0 1
002627.jpg 0 0 1 0 0 0 1 1 0 1
002628.jpg 0 0 0 1 0 0 0 0 0 1
002629.jpg 0 0 1 0 0 0 1 0 0 1
002630.jpg 0 0 0 1 0 0 0 0 0 0
002631.jpg 0 1 0 1 0 0 1 0 0 0
002632.jpg 0 0 0 1 0 0 1 0 0 0
002633.jpg 1 0 0 0 0 0 1 0 0 1
002634.jpg 0 0 0 1 0 0 1 0 0 0
002635.jpg 0 1 0 0 0 0 1 1 0 1
002636.jpg 1 0 1 0 0 0 1 1 0 1
002637.jpg 0 0 0 1 0 0 1 0 0 0
002638.jpg 0 0 0 1 0 0 0 0 0 1
002639.jpg 1 0 0 0 0 0 0 0 0 1
002640.jpg 0 0 1 0 0 0 1 0 0 1
002641.jpg 0 0 0 0 0 0 0 1 0 1
002642.jpg 0 0 0 1 0 0 0 0 0 1
002643.jpg 1 0 1 0 0 0 0 0 0 1
002644.jpg 0 1 0 1 1 0 0 0 0 1
002645.jpg 0 0 0 1 0 0 0 0 0 1
002646.jpg 0 1 0 1 0 0 0 0 0 1
002647.jpg 0 0 0 1 0 0 0 0 0 1
002648.jpg 0 0 1 0 0 0 0 0 0 1
002649.jpg 1 0 0 0 0 1 0 0 0 1
002650.jpg 0 0 1 0 0 0 1 1 0 1
002651.jpg 0 0 1 0 0 0 0 1 0 1
002652.jpg 0 0 1 0 0 0 0 1 0 1
002653.jpg 0 0 1 0 0 0 1 0 0 1
002654.jpg 1 0 0 0 0 0 1 0 0 1
002655.jpg 1 0 0 1 0 0 1 0 0 0
002656.jpg 0 0 0 1 0 0 0 0 0 1
002657.jpg 0 0 0 0 0 0 1 0 0 1
002658.jpg 0 0 0 0 0 0 0 0 0 1
002659.jpg 0 0 0 1 0 0 1 0 0 0
002660.jpg 0 0 1 0 0 0 1 0 0 1
002661.jpg 0 0 0 1 0 0 1 1 0 1
002662.jpg 0 0 1 0 0 0 0 1 0 1
002663.jpg 0 0 0 0 0 0 0 1 0 1
002664.jpg 1 1 0 1 0 0 0 0 0 1
002665.jpg 0 0 0 1 0 0 1 0 1 0
002666.jpg 0 0 1 0 0 0 1 1 0 0
002667.jpg 0 0 0 1 0 0 0 0 0 0
002668.jpg 0 0 0 1 1 0 1 1 0 0
002669.jpg 1 0 1 0 0 0 0 0 0 1
002670.jpg 0 0 1 0 0 0 1 1 0 1
002671.jpg 0 0 0 1 0 0 1 0 0 1
002672.jpg 0 0 1 0 0 0 1 1 0 1
002673.jpg 0 0 0 1 0 0 1 0 0 1
002674.jpg 0 0 0 0 0 0 1 0 0 0
002675.jpg 0 0 1 0 0 0 0 1 0 1
002676.jpg 0 0 0 1 0 0 1 0 0 1
002677.jpg 1 0 0 0 0 0 1 0 0 1
002678.jpg 0 0 0 0 0 0 0 1 0 1
002679.jpg 0 1 0 0 0 0 1 0 0 0
002680.jpg 0 0 1 0 0 0 0 0 0 1
002681.jpg 0 0 1 0 0 0 1 0 0 1
002682.jpg 0 1 0 1 0 0 0 0 0 0
002683.jpg 1 0 1 0 0 0 1 0 0 1
002684.jpg 0 0 0 1 0 0 0 0 0 1
002685.jpg 0 0 1 0 0 0 1 1 0 1
002686.jpg 1 0 1 0 0 0 1 1 0 1
002687.jpg 0 0 1 0 0 0 1 1 0 1
002688.jpg 0 1 0 1 0 0 0 0 1 1
002689.jpg 1 0 1 0 0 0 1 0 0 0
002690.jpg 0 0 1 0 0 0 1 0 0 1
002691.jpg 0 0 1 0 0 0 1 1 0 1
002692.jpg 0 0 1 0 0 0 1 1 0 1
002693.jpg 1 0 1 0 0 0 1 1 0 1
002694.jpg 0 0 0 0 0 0 1 0 0 1
002695.jpg 0 0 1 0 0 0 1 1 0 1
002696.jpg 0 0 0 1 0 0 0 0 0 1
002697.jpg 0 1 0 0 0 0 0 0 1 1
002698.jpg 1 0 1 0 0 0 1 1 0 1
002699.jpg 1 0 0 1 0 0 0 0 0 1
002700.jpg 0 0 1 0 0 0 1 0 0 0
002701.jpg 0 0 0 0 0 0 1 1 0 1
002702.jpg 0 0 1 0 0 0 0 1 0 1
002703.jpg 0 0 0 1 0 0 1 0 0 1
002704.jpg 1 0 0 1 0 0 0 0 0 1
002705.jpg 0 0 1 0 0 0 1 1 0 1
002706.jpg 0 0 1 0 0 0 0 1 0 1
002707.jpg 0 0 1 0 0 0 0 0 0 0
002708.jpg 0 1 0 1 0 0 1 0 0 0
002709.jpg 0 0 0 0 0 0 0 0 0 0
002710.jpg 0 0 1 0 0 1 0 1 0 1
002711.jpg 1 0 1 0 0 0 1 0 0 1
002712.jpg 1 0 1 0 0 0 1 0 0 1
002713.jpg 0 0 1 0 0 0 0 0 0 1
002714.jpg 1 0 0 1 0 0 1 0 0 1
002715.jpg 0 0 0 1 0 0 0 0 0 0
002716.jpg 0 0 1 0 0 0 1 1 0 1
002717.jpg 1 0 0 0 0 0 0 1 0 1
002718.jpg 0 0 0 1 0 0 1 0 0 1
002719.jpg 1 0 0 1 0 0 1 0 0 1
002720.jpg 0 0 0 0 0 0 1 0 0 0
002721.jpg 1 0 0 0 0 0 0 0 0 1
002722.jpg 0 0 1 0 0 0 1 0 0 1
002723.jpg 0 0 0 1 0 0 0 0 0 0
002724.jpg 0 0 0 1 0 0 1 0 0 1
002725.jpg 0 0 0 1 0 0 0 0 0 1
002726.jpg 1 0 0 1 1 0 0 0 0 0
002727.jpg 0 0 0 0 0 0 0 0 0 1
002728.jpg 0 0 0 1 0 0 1 1 0 0
002729.jpg 0 1 0 1 0 0 0 0 0 0
002730.jpg 0 0 0 1 0 0 0 0 0 1
002731.jpg 0 0 0 0 0 0 0 0 0 1
002732.jpg 0 0 0 0 0 0 0 1 0 1
002733.jpg 0 0 0 1 0 0 0 0 0 0
002734.jpg 0 0 0 0 0 0 0 0 0 0
002735.jpg 0 0 0 0 0 0 0 0 0 1
002736.jpg 0 0 0 1 0 0 0 0 0 1
002737.jpg 0 0 0 1 1 0 0 0 0 0
002738.jpg 0 0 0 0 0 0 1 0 0 1
002739.jpg 0 0 0 0 0 0 0 0 0 1
002740.jpg 1 1 0 1 0 0 1 0 1 1
002741.jpg 0 0 0 1 0 0 0 0 0 0
002742.jpg 0 0 1 0 0 0 1 0 0 0
002743.jpg 0 0 0 1 0 0 0 0 0 0
002744.jpg 0 0 0 1 0 0 1 0 0 1
002745.jpg 0 0 1 0 0 0 1 0 0 1
002746.jpg 1 0 0 1 0 0 0 0 0 1
002747.jpg 1 0 0 1 0 0 0 0 0 1
002748.jpg 1 1 0 0 0 0 1 1 0 1
002749.jpg 0 0 1 0 0 0 1 1 0 1
002750.jpg 0 0 0 1 0 0 1 0 0 1
002751.jpg 0 0 0 0 0 0 0 1 0 1
002752.jpg 0 0 0 1 0 0 0 0 0 1
002753.jpg 0 0 1 0 0 0 1 0 0 1
002754.jpg 0 0 0 1 0 0 1 0 0 0
002755.jpg 0 0 1 0 0 0 1 1 0 0
002756.jpg 1 0 1 0 0 0 1 0 0 1
002757.jpg 0 0 1 0 0 0 0 1 0 1
002758.jpg 1 1 0 1 0 0 1 1 0 1
002759.jpg 0 0 0 0 0 0 0 0 1 1
002760.jpg 0 1 0 1 0 0 0 1 0 1
002761.jpg 1 0 1 0 0 0 1 0 0 1
002762.jpg 1 0 1 0 0 0 1 1 0 1
002763.jpg 0 0 0 1 0 0 1 0 0 0
002764.jpg 0 0 0 1 0 0 0 0 0 0
002765.jpg 0 1 0 1 0 0 1 0 0 0
002766.jpg 0 0 0 1 0 0 0 0 0 0
002767.jpg 0 0 1 0 0 0 1 0 0 1
002768.jpg 1 1 0 1 1 0 1 0 0 1
002769.jpg 0 0 1 0 0 1 1 1 0 1
002770.jpg 0 0 0 1 0 0 0 0 0 0
002771.jpg 1 0 0 1 0 0 1 0 0 1
002772.jpg 0 0 0 1 0 0 1 0 0 1
002773.jpg 0 0 1 0 0 0 1 1 0 1
002774.jpg 0 0 1 0 0 0 0 0 0 1
002775.jpg 0 0 1 0 0 0 1 0 0 1
002776.jpg 0 0 1 0 0 0 1 0 0 1
002777.jpg 0 0 1 0 0 1 1 0 0 1
002778.jpg 1 0 0 1 0 0 1 0 0 1
002779.jpg 0 0 0 0 0 1 0 0 0 1
002780.jpg 0 0 0 1 0 0 0 0 0 0
002781.jpg 0 0 0 1 0 0 0 0 0 1
002782.jpg 0 1 0 1 0 0 0 0 0 0
002783.jpg 0 0 0 0 0 0 1 1 0 1
002784.jpg 0 0 0 0 0 0 0 1 0 1
002785.jpg 0 0 0 0 0 0 0 0 0 1
002786.jpg 0 0 0 1 0 0 1 0 1 1
002787.jpg 0 1 0 1 0 0 1 0 0 0
002788.jpg 1 0 0 1 1 0 0 0 0 1
002789.jpg 0 0 1 0 0 0 1 0 0 1
002790.jpg 1 0 0 0 0 0 1 0 0 0
002791.jpg 0 0 0 1 0 0 0 1 0 0
002792.jpg 0 0 1 0 0 0 0 1 0 1
002793.jpg 1 1 0 1 0 0 0 0 0 1
002794.jpg 1 0 0 0 0 0 0 0 0 0
002795.jpg 1 0 1 0 0 0 1 1 0 1
002796.jpg 0 0 0 1 0 0 0 0 0 1
002797.jpg 0 0 1 0 0 0 1 1 0 1
002798.jpg 0 0 1 0 0 0 1 0 0 0
002799.jpg 0 1 0 0 0 0 0 0 0 1
002800.jpg 0 0 1 0 0 0 0 1 0 1
002801.jpg 0 0 1 0 0 0 0 1 0 1
002802.jpg 0 0 1 0 0 0 1 0 0 1
002803.jpg 0 0 0 1 1 0 0 0 0 0
002804.jpg 0 0 1 0 0 0 0 0 0 0
002805.jpg 1 0 0 1 0 0 0 0 0 1
002806.jpg 1 0 0 0 0 0 0 0 0 1
002807.jpg 0 0 0 1 0 1 0 0 0 0
002808.jpg 0 0 0 0 0 0 0 0 0 1
002809.jpg 0 0 0 0 0 0 0 0 0 1
002810.jpg 0 1 0 1 0 0 0 0 0 0
002811.jpg 0 0 1 0 0 0 0 0 0 1
002812.jpg 0 1 0 1 0 0 0 0 0 1
002813.jpg 0 0 1 0 0 0 1 1 0 1
002814.jpg 1 0 1 0 0 0 0 1 0 1
002815.jpg 0 0 0 1 0 0 1 1 0 1
002816.jpg 1 0 0 1 0 0 1 0 0 1
002817.jpg 0 0 1 0 0 0 1 0 0 0
002818.jpg 0 0 0 1 0 0 0 1 0 1
002819.jpg 0 0 0 1 0 0 0 1 0 1
002820.jpg 0 0 1 0 0 0 0 0 0 1
002821.jpg 0 0 0 1 0 0 0 0 0 1
002822.jpg 0 0 1 0 0 0 1 0 0 1
002823.jpg 0 0 1 0 0 0 1 1 0 1
002824.jpg 0 0 0 0 0 0 1 1 0 1
002825.jpg 0 0 1 0 0 0 1 0 0 1
002826.jpg 0 0 0 1 0 0 0 0 0 1
002827.jpg 0 0 0 0 0 0 1 1 0 0
002828.jpg 0 0 0 1 0 0 1 0 0 0
002829.jpg 0 0 0 1 0 0 0 1 0 1
002830.jpg 0 0 0 1 0 1 0 0 0 1
002831.jpg 0 0 1 0 0 0 1 1 0 1
002832.jpg 0 0 1 0 0 0 1 0 0 1
002833.jpg 0 0 1 0 0 0 0 0 0 1
002834.jpg 0 0 1 0 0 0 1 0 0 1
002835.jpg 0 0 0 1 0 0 0 0 0 0
002836.jpg 0 0 0 0 0 0 1 1 1 1
002837.jpg 0 1 0 0 0 1 1 1 0 0
002838.jpg 0 0 0 1 1 0 0 0 0 0
002839.jpg 0 0 0 0 0 0 1 0 0 1
002840.jpg 1 0 0 1 0 0 0 0 0 1
002841.jpg 0 0 0 0 0 0 0 0 0 1
002842.jpg 0 0 1 0 0 0 0 0 0 1
002843.jpg 1 0 1 0 0 0 0 1 0 1
002844.jpg 1 0 0 1 0 0 0 0 0 1
002845.jpg 0 0 1 0 0 0 0 1 0 1
002846.jpg 1 0 1 0 0 0 1 1 0 1
002847.jpg 0 0 1 0 0 0 1 0 0 1
002848.jpg 1 0 0 1 0 0 0 0 0 1
002849.jpg 0 0 1 0 0 0 1 1 0 1
002850.jpg 0 1 0 1 0 0 0 1 0 1
002851.jpg 0 0 0 0 0 0 0 0 0 1
002852.jpg 0 0 0 1 0 0 0 0 0 0
002853.jpg 0 0 0 1 1 0 0 0 1 1
002854.jpg 0 0 0 0 0 0 1 0 0 0
002855.jpg 0 0 1 0 0 0 1 0 0 1
002856.jpg 1 0 1 0 0 0 1 0 0 1
002857.jpg 0 0 1 0 0 0 0 1 0 1
002858.jpg 0 0 1 0 0 0 1 1 0 1
002859.jpg 1 0 0 1 0 0 0 0 0 1
002860.jpg 0 0 1 0 0 0 0 0 0 0
002861.jpg 1 0 1 0 0 0 1 0 0 1
002862.jpg 0 0 0 1 1 0 1 0 0 0
002863.jpg 0 0 0 1 0 0 1 0 0 0
002864.jpg 0 0 1 0 0 0 1 1 0 0
002865.jpg 0 0 0 1 0 0 0 0 0 1
002866.jpg 0 0 0 0 0 0 1 0 0 1
002867.jpg 1 0 1 0 0 0 1 0 1 1
002868.jpg 1 0 0 1 0 0 0 0 1 0
002869.jpg 0 0 0 1 0 0 0 0 0 1
002870.jpg 1 0 0 1 0 0 0 0 0 1
002871.jpg 0 0 0 0 0 0 1 1 0 1
002872.jpg 0 0 0 1 0 0 1 0 0 1
002873.jpg 1 0 0 1 0 0 1 0 0 1
002874.jpg 0 0 0 1 0 0 0 0 0 1
002875.jpg 0 0 1 0 0 0 0 0 0 1
002876.jpg 0 0 0 1 0 0 0 0 0 1
002877.jpg 0 0 0 0 0 0 0 1 0 1
002878.jpg 0 0 1 0 0 0 1 1 0 1
002879.jpg 1 0 0 0 0 1 0 1 0 1
002880.jpg 0 0 0 1 0 0 1 0 0 1
002881.jpg 0 0 0 1 0 0 1 0 0 1
002882.jpg 0 0 1 0 0 0 0 0 0 1
002883.jpg 1 0 0 1 1 0 0 0 0 1
002884.jpg 0 0 0 1 0 0 0 1 0 1
002885.jpg 0 0 0 1 0 0 0 1 0 0
002886.jpg 0 0 0 0 0 0 0 0 0 1
002887.jpg 0 0 0 0 0 0 0 0 0 0
002888.jpg 0 0 0 1 0 0 0 0 0 1
002889.jpg 0 0 1 0 0 0 1 1 0 1
002890.jpg 1 0 1 0 0 0 1 1 0 1
002891.jpg 0 0 0 1 0 0 0 0 0 1
002892.jpg 0 0 1 0 0 0 0 1 0 1
002893.jpg 0 0 1 0 0 0 1 1 0 1
002894.jpg 0 0 1 0 0 0 0 0 0 1
002895.jpg 0 0 1 0 0 0 0 0 0 1
002896.jpg 1 0 0 0 0 0 1 0 0 1
002897.jpg 0 0 1 0 0 0 0 1 0 0
002898.jpg 0 0 0 1 1 0 0 0 0 0
002899.jpg 1 0 1 0 0 0 1 0 0 1
002900.jpg 1 0 0 1 0 0 0 0 0 1
002901.jpg 0 0 0 1 0 0 0 0 0 1
002902.jpg 0 0 0 0 0 0 0 0 0 1
002903.jpg 0 0 1 0 0 0 1 1 0 1
002904.jpg 0 1 0 1 0 0 1 0 0 1
002905.jpg 0 0 1 0 0 0 1 0 0 1
002906.jpg 0 0 0 0 0 0 0 0 0 1
002907.jpg 0 0 0 1 0 0 1 1 0 1
002908.jpg 0 0 0 1 0 0 0 0 0 0
002909.jpg 0 0 1 0 0 0 1 0 0 1
002910.jpg 0 0 1 0 0 1 0 0 0 1
002911.jpg 0 0 0 0 0 0 0 0 0 1
002912.jpg 0 0 1 0 0 0 1 0 0 1
002913.jpg 0 0 1 0 0 0 1 0 0 1
002914.jpg 0 0 1 0 0 0 0 0 0 1
002915.jpg 0 0 1 0 0 0 0 1 0 1
002916.jpg 0 0 1 0 0 0 1 1 0 0
002917.jpg 0 0 1 0 0 0 0 0 0 1
002918.jpg 1 0 0 1 0 0 1 0 0 0
002919.jpg 0 0 1 0 0 0 0 1 0 1
002920.jpg 1 0 0 1 0 0 0 1 0 1
002921.jpg 1 0 0 1 0 0 0 0 0 0
002922.jpg 0 0 1 0 0 0 1 1 0 1
002923.jpg 0 0 1 0 0 0 1 1 0 1
002924.jpg 0 0 0 1 0 0 0 0 1 0
002925.jpg 0 0 0 1 0 0 0 0 0 1
002926.jpg 1 0 0 1 0 0 1 0 0 1
002927.jpg 0 0 1 0 0 0 1 1 0 1
002928.jpg 0 0 1 0 0 0 1 0 0 1
002929.jpg 0 0 1 0 0 0 1 1 0 0
002930.jpg 1 0 0 1 0 0 0 0 0 1
002931.jpg 0 0 0 1 0 0 0 1 0 1
002932.jpg 0 0 1 0 0 0 0 1 0 1
002933.jpg 1 0 0 1 0 0 1 0 0 1
002934.jpg 1 1 0 1 0 0 0 1 0 1
002935.jpg 0 0 0 1 0 0 0 0 0 1
002936.jpg 0 0 1 0 0 0 1 0 0 1
002937.jpg 0 0 1 0 0 0 1 0 0 1
002938.jpg 0 0 1 0 0 0 1 0 0 1
002939.jpg 0 0 1 0 0 0 1 0 0 1
002940.jpg 0 0 0 1 0 0 0 0 0 0
002941.jpg 1 0 1 0 0 0 0 0 0 1
002942.jpg 0 0 1 0 0 0 0 0 0 1
002943.jpg 1 0 0 0 0 0 0 1 0 0
002944.jpg 1 1 0 1 0 0 0 0 0 0
002945.jpg 0 0 0 1 0 0 0 0 0 1
002946.jpg 0 0 1 0 0 0 1 0 0 1
002947.jpg 0 0 0 0 0 0 0 0 0 1
002948.jpg 0 0 0 0 0 1 0 0 0 1
002949.jpg 0 1 0 1 0 0 0 0 0 0
002950.jpg 0 0 1 0 0 0 1 1 0 0
002951.jpg 0 0 0 1 0 1 0 1 0 1
002952.jpg 0 0 1 0 0 0 0 1 0 1
002953.jpg 0 0 1 0 0 0 0 1 0 1
002954.jpg 0 0 1 0 0 0 1 1 0 1
002955.jpg 1 0 1 0 0 0 1 0 0 1
002956.jpg 0 0 0 0 0 0 0 0 0 1
002957.jpg 0 0 1 0 0 0 0 1 0 1
002958.jpg 1 0 1 0 0 0 1 1 0 1
002959.jpg 0 0 1 0 0 0 0 0 0 1
002960.jpg 0 0 0 1 0 0 1 0 0 0
002961.jpg 0 0 0 1 0 0 1 0 0 1
002962.jpg 1 0 0 0 0 0 0 0 0 1
002963.jpg 0 0 0 1 0 0 0 0 1 1
002964.jpg 0 0 1 0 0 0 1 0 0 1
002965.jpg 1 0 0 1 0 1 1 0 0 1
002966.jpg 0 0 1 0 0 0 1 0 0 1
002967.jpg 0 0 1 0 0 0 1 1 0 1
002968.jpg 0 0 0 0 0 0 1 0 0 1
002969.jpg 0 0 0 1 0 0 1 1 0 1
002970.jpg 0 0 1 0 0 0 1 0 0 1
002971.jpg 0 0 1 0 0 0 0 0 0 1
002972.jpg 1 0 0 1 0 0 0 0 0 1
002973.jpg 0 0 0 1 0 0 0 0 1 1
002974.jpg 0 0 0 1 0 0 0 0 0 0
002975.jpg 0 0 0 1 0 0 0 1 0 1
002976.jpg 0 1 0 1 0 0 0 0 1 0
002977.jpg 0 0 0 0 0 0 0 0 0 1
002978.jpg 0 0 0 0 0 0 0 0 0 1
002979.jpg 0 0 0 1 0 0 1 0 0 1
002980.jpg 0 0 0 1 1 0 0 0 0 0
002981.jpg 0 0 0 1 0 0 0 0 0 1
002982.jpg 0 0 1 0 0 0 1 1 0 1
002983.jpg 1 0 1 0 0 0 1 1 0 1
002984.jpg 1 0 0 0 0 0 1 0 0 1
002985.jpg 1 0 0 0 0 0 0 0 0 1
002986.jpg 0 0 1 0 0 0 0 1 0 1
002987.jpg 0 1 0 1 0 0 1 0 0 0
002988.jpg 0 0 0 1 0 0 1 0 0 1
002989.jpg 0 0 0 1 0 0 1 0 0 1
002990.jpg 0 0 0 1 0 0 1 0 1 0
002991.jpg 1 0 1 0 0 0 0 1 0 1
002992.jpg 0 0 1 0 0 1 0 1 0 1
002993.jpg 0 0 1 0 0 0 1 1 0 1
002994.jpg 0 0 1 0 0 0 1 0 0 1
002995.jpg 0 0 1 0 0 0 0 1 0 1
002996.jpg 0 0 1 0 0 0 1 0 1 1
002997.jpg 0 0 1 0 0 0 1 0 0 1
002998.jpg 0 0 1 0 0 0 1 0 0 1
002999.jpg 0 0 0 0 0 0 1 0 0 1
003000.jpg 0 0 1 0 0 0 1 1 0 1